>GTTTCAGTTTCN	1-GTTTCAGTTTCN	9.501293	-3452.485264	0	T:5065.0(13.42%),B:1182.2(3.34%),P:1e-1499	Tpos:249.0,Tstd:134.0,Bpos:247.9,Bstd:158.3,StrandBias:-0.0,Multiplicity:1.12
0.101	0.320	0.483	0.096
0.001	0.014	0.001	0.984
0.007	0.060	0.004	0.929
0.001	0.082	0.015	0.902
0.001	0.690	0.004	0.305
0.493	0.064	0.246	0.197
0.064	0.215	0.472	0.250
0.018	0.001	0.001	0.980
0.013	0.120	0.001	0.866
0.029	0.177	0.085	0.709
0.098	0.547	0.075	0.280
0.316	0.194	0.228	0.262
>NRAAMTGAAAST	2-NRAAMTGAAAST	8.658808	-2539.791524	0	T:7669.0(20.32%),B:3003.7(8.48%),P:1e-1103	Tpos:248.8,Tstd:141.1,Bpos:251.0,Bstd:163.5,StrandBias:0.1,Multiplicity:1.07
0.301	0.254	0.279	0.167
0.454	0.068	0.431	0.048
0.882	0.001	0.056	0.061
0.818	0.069	0.108	0.005
0.399	0.319	0.228	0.054
0.127	0.008	0.131	0.734
0.050	0.001	0.948	0.001
0.925	0.062	0.001	0.012
0.989	0.009	0.001	0.001
0.984	0.014	0.001	0.001
0.073	0.479	0.395	0.053
0.163	0.107	0.001	0.729
>AACCGAAACCAA	3-AACCGAAACCAA	6.517702	-976.176343	0	T:15441.0(40.91%),B:10694.2(30.20%),P:1e-423	Tpos:248.2,Tstd:134.9,Bpos:247.7,Bstd:163.9,StrandBias:-0.0,Multiplicity:1.38
0.700	0.100	0.100	0.100
0.700	0.100	0.100	0.100
0.100	0.700	0.100	0.100
0.100	0.700	0.100	0.100
0.100	0.100	0.700	0.100
0.700	0.100	0.100	0.100
0.700	0.100	0.100	0.100
0.700	0.100	0.100	0.100
0.100	0.700	0.100	0.100
0.100	0.700	0.100	0.100
0.700	0.100	0.100	0.100
0.700	0.100	0.100	0.100
>MKTCMCKTTCNB	4-MKTCMCKTTCNB	4.430095	-889.847855	0	T:25422.0(67.35%),B:20103.5(56.77%),P:1e-386	Tpos:250.6,Tstd:138.4,Bpos:248.1,Bstd:162.9,StrandBias:0.0,Multiplicity:1.47
0.236	0.382	0.190	0.191
0.182	0.195	0.382	0.241
0.143	0.078	0.149	0.630
0.245	0.447	0.174	0.134
0.444	0.554	0.001	0.001
0.063	0.601	0.268	0.068
0.111	0.078	0.346	0.465
0.225	0.149	0.083	0.543
0.204	0.107	0.144	0.545
0.159	0.630	0.133	0.078
0.301	0.224	0.280	0.195
0.180	0.333	0.252	0.235
>AAACAGGAAGTG	5-AAACAGGAAGTG	5.692724	-830.267689	0	T:21112.0(55.93%),B:16108.9(45.49%),P:1e-360	Tpos:251.5,Tstd:135.7,Bpos:252.0,Bstd:162.4,StrandBias:0.0,Multiplicity:1.37
0.609	0.110	0.231	0.050
0.644	0.077	0.245	0.034
0.788	0.055	0.116	0.041
0.178	0.646	0.135	0.041
0.997	0.001	0.001	0.001
0.001	0.001	0.997	0.001
0.001	0.001	0.997	0.001
0.986	0.012	0.001	0.001
0.969	0.001	0.001	0.029
0.248	0.045	0.706	0.001
0.091	0.093	0.122	0.694
0.153	0.073	0.567	0.207
>TTTTTCTCTCTC	6-TTTTTCTCTCTC	6.317918	-601.472539	0	T:21059.0(55.79%),B:16610.5(46.90%),P:1e-261	Tpos:248.2,Tstd:129.5,Bpos:252.3,Bstd:178.2,StrandBias:0.0,Multiplicity:1.60
0.176	0.043	0.086	0.695
0.049	0.263	0.138	0.550
0.008	0.020	0.010	0.962
0.020	0.256	0.044	0.680
0.018	0.048	0.038	0.896
0.023	0.821	0.042	0.114
0.066	0.085	0.001	0.848
0.015	0.800	0.068	0.117
0.028	0.047	0.001	0.924
0.004	0.841	0.016	0.139
0.018	0.135	0.010	0.837
0.010	0.869	0.058	0.063
>TTAGTTCTGCTC	7-TTAGTTCTGCTC	12.561493	-384.894358	0	T:148.0(0.39%),B:4.4(0.01%),P:1e-167	Tpos:226.3,Tstd:96.0,Bpos:269.6,Bstd:49.4,StrandBias:0.2,Multiplicity:1.00
0.001	0.001	0.001	0.997
0.001	0.001	0.001	0.997
0.997	0.001	0.001	0.001
0.001	0.001	0.997	0.001
0.135	0.001	0.001	0.863
0.001	0.001	0.001	0.997
0.297	0.566	0.136	0.001
0.001	0.001	0.001	0.997
0.001	0.001	0.997	0.001
0.076	0.922	0.001	0.001
0.161	0.001	0.161	0.677
0.001	0.997	0.001	0.001
>GTTTGATGTAGG	8-GTTTGATGTAGG	12.938125	-294.908076	0	T:122.0(0.32%),B:4.6(0.01%),P:1e-128	Tpos:252.1,Tstd:94.3,Bpos:384.4,Bstd:72.6,StrandBias:0.1,Multiplicity:1.00
0.001	0.001	0.916	0.082
0.001	0.009	0.005	0.985
0.035	0.001	0.001	0.963
0.001	0.051	0.107	0.841
0.001	0.317	0.681	0.001
0.993	0.005	0.001	0.001
0.001	0.105	0.005	0.889
0.040	0.105	0.849	0.006
0.005	0.001	0.114	0.880
0.938	0.047	0.005	0.010
0.038	0.027	0.934	0.001
0.035	0.001	0.963	0.001
>GGGGCGGGGCBR	9-GGGGCGGGGCBR	8.847643	-266.237396	0	T:5240.0(13.88%),B:3593.1(10.15%),P:1e-115	Tpos:249.9,Tstd:156.0,Bpos:238.3,Bstd:169.2,StrandBias:0.1,Multiplicity:1.45
0.246	0.001	0.647	0.106
0.256	0.001	0.742	0.001
0.001	0.001	0.997	0.001
0.044	0.001	0.954	0.001
0.001	0.922	0.001	0.076
0.042	0.001	0.918	0.039
0.001	0.001	0.801	0.197
0.177	0.001	0.755	0.067
0.213	0.013	0.751	0.023
0.201	0.462	0.199	0.138
0.175	0.338	0.226	0.262
0.255	0.174	0.383	0.188
>AAAATCTCTGGG	10-AAAATCTCTGGG	13.224009	-256.251169	0	T:118.0(0.31%),B:5.7(0.02%),P:1e-111	Tpos:244.1,Tstd:122.1,Bpos:224.5,Bstd:204.2,StrandBias:-0.1,Multiplicity:1.00
0.997	0.001	0.001	0.001
0.997	0.001	0.001	0.001
0.997	0.001	0.001	0.001
0.997	0.001	0.001	0.001
0.001	0.357	0.001	0.641
0.001	0.997	0.001	0.001
0.001	0.001	0.213	0.785
0.107	0.891	0.001	0.001
0.001	0.213	0.107	0.679
0.001	0.213	0.785	0.001
0.001	0.106	0.892	0.001
0.001	0.001	0.997	0.001
>GCAAGATTAACC	11-GCAAGATTAACC	12.634478	-250.784006	0	T:100.0(0.26%),B:3.4(0.01%),P:1e-108	Tpos:228.3,Tstd:161.3,Bpos:180.3,Bstd:153.2,StrandBias:-0.4,Multiplicity:1.00
0.001	0.001	0.997	0.001
0.001	0.997	0.001	0.001
0.785	0.213	0.001	0.001
0.997	0.001	0.001	0.001
0.240	0.001	0.750	0.009
0.565	0.001	0.258	0.176
0.001	0.175	0.001	0.823
0.001	0.001	0.001	0.997
0.619	0.204	0.001	0.176
0.997	0.001	0.001	0.001
0.001	0.911	0.001	0.087
0.027	0.971	0.001	0.001
>AARGKCACAMCT	12-AARGKCACAMCT	11.649174	-248.488891	0	T:89.0(0.24%),B:2.5(0.01%),P:1e-107	Tpos:240.7,Tstd:99.7,Bpos:304.4,Bstd:134.2,StrandBias:-0.3,Multiplicity:1.00
0.635	0.187	0.018	0.160
0.716	0.046	0.132	0.106
0.493	0.043	0.446	0.018
0.151	0.042	0.767	0.040
0.066	0.006	0.471	0.457
0.058	0.700	0.015	0.227
0.743	0.018	0.019	0.220
0.261	0.699	0.006	0.034
0.820	0.088	0.061	0.031
0.441	0.553	0.003	0.003
0.015	0.635	0.338	0.012
0.012	0.024	0.046	0.918
>TAATGGTCTATC	13-TAATGGTCTATC	13.376721	-248.488891	0	T:89.0(0.24%),B:2.4(0.01%),P:1e-107	Tpos:253.7,Tstd:159.0,Bpos:189.7,Bstd:118.6,StrandBias:-0.0,Multiplicity:1.00
0.001	0.288	0.001	0.710
0.997	0.001	0.001	0.001
0.870	0.001	0.001	0.128
0.001	0.128	0.001	0.870
0.001	0.001	0.997	0.001
0.045	0.067	0.887	0.001
0.128	0.203	0.001	0.668
0.001	0.997	0.001	0.001
0.001	0.001	0.001	0.997
0.997	0.001	0.001	0.001
0.001	0.001	0.001	0.997
0.001	0.997	0.001	0.001
>ACACAACCTATC	14-ACACAACCTATC	12.420741	-235.798788	0	T:104.0(0.28%),B:4.3(0.01%),P:1e-102	Tpos:260.0,Tstd:132.8,Bpos:168.6,Bstd:128.0,StrandBias:-0.4,Multiplicity:1.00
0.754	0.001	0.187	0.058
0.157	0.674	0.001	0.168
0.997	0.001	0.001	0.001
0.157	0.721	0.110	0.012
0.997	0.001	0.001	0.001
0.841	0.157	0.001	0.001
0.001	0.783	0.215	0.001
0.001	0.997	0.001	0.001
0.001	0.001	0.001	0.997
0.997	0.001	0.001	0.001
0.058	0.030	0.001	0.911
0.001	0.997	0.001	0.001
>TCTTGGTTATTT	15-TCTTGGTTATTT	12.771128	-229.962083	0	T:116.0(0.31%),B:6.3(0.02%),P:1e-99	Tpos:248.8,Tstd:96.7,Bpos:335.0,Bstd:138.9,StrandBias:-0.2,Multiplicity:1.00
0.001	0.024	0.001	0.974
0.001	0.961	0.037	0.001
0.001	0.001	0.001	0.997
0.012	0.001	0.001	0.986
0.001	0.001	0.997	0.001
0.001	0.001	0.997	0.001
0.001	0.030	0.001	0.968
0.003	0.001	0.001	0.995
0.997	0.001	0.001	0.001
0.001	0.013	0.008	0.978
0.001	0.001	0.001	0.997
0.004	0.001	0.001	0.994
>GTTTCTCTAGTC	16-GTTTCTCTAGTC	13.817892	-219.911436	0	T:124.0(0.33%),B:8.2(0.02%),P:1e-95	Tpos:237.5,Tstd:79.4,Bpos:200.0,Bstd:63.6,StrandBias:0.3,Multiplicity:1.02
0.001	0.001	0.997	0.001
0.111	0.097	0.016	0.776
0.029	0.016	0.002	0.953
0.001	0.014	0.083	0.902
0.014	0.911	0.074	0.001
0.045	0.002	0.001	0.952
0.167	0.827	0.005	0.001
0.001	0.014	0.064	0.921
0.686	0.002	0.311	0.001
0.130	0.014	0.855	0.001
0.001	0.042	0.001	0.956
0.043	0.535	0.157	0.265
>GAATGGAATGGA	17-GAATGGAATGGA	16.091094	-207.647875	0	T:114.0(0.30%),B:7.3(0.02%),P:1e-90	Tpos:250.2,Tstd:136.3,Bpos:224.2,Bstd:152.9,StrandBias:-0.0,Multiplicity:8.45
0.014	0.015	0.961	0.010
0.988	0.005	0.001	0.006
0.903	0.001	0.085	0.011
0.020	0.028	0.001	0.951
0.024	0.008	0.953	0.015
0.010	0.027	0.962	0.001
0.991	0.001	0.004	0.004
0.946	0.013	0.030	0.011
0.017	0.027	0.006	0.950
0.030	0.014	0.944	0.012
0.020	0.033	0.942	0.005
0.980	0.005	0.009	0.006
>TGTGTGTGTGTG	18-TGTGTGTGTGTG	4.260203	-183.596927	0	T:20582.0(54.53%),B:17582.7(49.65%),P:1e-79	Tpos:249.7,Tstd:129.4,Bpos:251.0,Bstd:157.6,StrandBias:-0.1,Multiplicity:1.77
0.056	0.054	0.053	0.837
0.038	0.066	0.847	0.049
0.051	0.046	0.052	0.851
0.052	0.076	0.814	0.058
0.058	0.053	0.045	0.844
0.068	0.074	0.782	0.076
0.058	0.055	0.048	0.839
0.045	0.093	0.807	0.055
0.073	0.041	0.044	0.842
0.041	0.084	0.830	0.045
0.057	0.053	0.033	0.857
0.031	0.049	0.851	0.069
>ATGGAATGGAAT	19-ATGGAATGGAAT	11.148189	-144.531357	0	T:167.0(0.44%),B:30.2(0.09%),P:1e-62	Tpos:256.1,Tstd:134.9,Bpos:270.3,Bstd:142.2,StrandBias:0.0,Multiplicity:2.29
0.581	0.049	0.287	0.083
0.028	0.057	0.118	0.797
0.081	0.114	0.674	0.131
0.262	0.094	0.596	0.048
0.812	0.069	0.056	0.063
0.672	0.065	0.211	0.052
0.038	0.049	0.026	0.887
0.099	0.066	0.716	0.119
0.201	0.138	0.602	0.059
0.846	0.060	0.053	0.041
0.708	0.078	0.154	0.060
0.119	0.043	0.018	0.820
>AATTAAATAACC	20-AATTAAATAACC	10.864625	-142.248287	0	T:89.0(0.24%),B:7.1(0.02%),P:1e-61	Tpos:250.5,Tstd:186.2,Bpos:239.4,Bstd:139.6,StrandBias:0.0,Multiplicity:1.00
0.997	0.001	0.001	0.001
0.997	0.001	0.001	0.001
0.001	0.004	0.001	0.994
0.001	0.001	0.001	0.997
0.997	0.001	0.001	0.001
0.997	0.001	0.001	0.001
0.997	0.001	0.001	0.001
0.001	0.001	0.001	0.997
0.997	0.001	0.001	0.001
0.997	0.001	0.001	0.001
0.001	0.803	0.001	0.195
0.001	0.997	0.001	0.001
>ACTCGGGTTGAT	21-ACTCGGGTTGAT	12.069252	-134.873680	0	T:47.0(0.12%),B:1.4(0.00%),P:1e-58	Tpos:247.5,Tstd:154.2,Bpos:220.5,Bstd:48.1,StrandBias:0.6,Multiplicity:1.91
0.978	0.001	0.001	0.020
0.013	0.965	0.001	0.021
0.002	0.002	0.001	0.995
0.049	0.949	0.001	0.001
0.013	0.002	0.964	0.021
0.060	0.001	0.938	0.001
0.001	0.001	0.997	0.001
0.001	0.002	0.002	0.995
0.002	0.001	0.007	0.990
0.002	0.013	0.983	0.002
0.997	0.001	0.001	0.001
0.002	0.002	0.002	0.994
>GAATGGAATGGA	22-GAATGGAATGGA	12.235972	-111.807328	0	T:149.0(0.39%),B:31.5(0.09%),P:1e-48	Tpos:232.0,Tstd:148.5,Bpos:239.8,Bstd:183.0,StrandBias:0.5,Multiplicity:2.10
0.016	0.015	0.932	0.037
0.953	0.014	0.027	0.006
0.828	0.031	0.100	0.041
0.031	0.054	0.030	0.885
0.083	0.155	0.691	0.071
0.036	0.034	0.880	0.050
0.951	0.011	0.026	0.012
0.844	0.059	0.074	0.023
0.028	0.032	0.038	0.902
0.070	0.054	0.816	0.060
0.030	0.025	0.913	0.032
0.943	0.026	0.020	0.011
>TCATCATTTCAT	23-TCATCATTTCAT	-7.336506	-104.804336	0	T:19860.0(52.61%),B:17335.5(48.95%),P:1e-45	Tpos:251.5,Tstd:140.5,Bpos:251.5,Bstd:154.6,StrandBias:0.0,Multiplicity:1.60
0.001	0.001	0.001	0.997
0.001	0.997	0.001	0.001
0.967	0.001	0.031	0.001
0.001	0.041	0.001	0.957
0.001	0.997	0.001	0.001
0.997	0.001	0.001	0.001
0.001	0.001	0.001	0.997
0.001	0.001	0.001	0.997
0.001	0.001	0.001	0.997
0.001	0.997	0.001	0.001
0.993	0.001	0.005	0.001
0.001	0.001	0.001	0.997
>TTRGRATGCCGG	24-TTRGRATGCCGG	11.614846	-67.726864	0	T:35.0(0.09%),B:2.9(0.01%),P:1e-29	Tpos:233.0,Tstd:134.5,Bpos:344.6,Bstd:113.8,StrandBias:-0.2,Multiplicity:2.24
0.063	0.069	0.026	0.842
0.039	0.227	0.020	0.714
0.538	0.020	0.441	0.001
0.001	0.020	0.966	0.013
0.395	0.095	0.470	0.039
0.885	0.063	0.045	0.007
0.251	0.063	0.117	0.569
0.075	0.020	0.866	0.039
0.201	0.728	0.026	0.045
0.006	0.966	0.027	0.001
0.038	0.014	0.666	0.282
0.019	0.114	0.634	0.233
>CAYCATCAYCAC	25-CAYCATCAYCAC	4.524954	-29.464480	0	T:6418.0(17.00%),B:5533.6(15.63%),P:1e-12	Tpos:251.7,Tstd:137.6,Bpos:246.2,Bstd:149.3,StrandBias:0.0,Multiplicity:1.18
0.001	0.948	0.001	0.050
0.784	0.001	0.214	0.001
0.001	0.430	0.001	0.568
0.001	0.679	0.001	0.319
0.728	0.182	0.089	0.001
0.001	0.363	0.001	0.635
0.001	0.995	0.003	0.001
0.997	0.001	0.001	0.001
0.001	0.530	0.001	0.468
0.001	0.997	0.001	0.001
0.865	0.133	0.001	0.001
0.001	0.639	0.001	0.359
