>TTTCRKTT	1-TTTCRKTT	7.893613	-2136.900401	0	T:10232.0(27.11%),B:5035.5(14.20%),P:1e-928	Tpos:248.9,Tstd:139.3,Bpos:251.1,Bstd:165.6,StrandBias:0.0,Multiplicity:1.31
0.038	0.039	0.036	0.887
0.009	0.033	0.010	0.948
0.009	0.123	0.054	0.814
0.001	0.829	0.093	0.077
0.404	0.078	0.404	0.114
0.071	0.223	0.329	0.376
0.019	0.036	0.038	0.907
0.035	0.050	0.033	0.882
>TGAAASYG	2-TGAAASYG	7.377119	-1202.664140	0	T:10905.0(28.89%),B:6565.5(18.51%),P:1e-522	Tpos:248.8,Tstd:138.9,Bpos:249.7,Bstd:158.2,StrandBias:-0.0,Multiplicity:1.13
0.141	0.001	0.061	0.797
0.056	0.001	0.942	0.001
0.945	0.053	0.001	0.001
0.770	0.001	0.228	0.001
0.952	0.046	0.001	0.001
0.001	0.424	0.574	0.001
0.128	0.398	0.001	0.472
0.278	0.001	0.720	0.001
>CGKTTCCG	3-CGKTTCCG	4.672135	-1117.698639	0	T:18312.0(48.51%),B:12987.0(36.61%),P:1e-485	Tpos:249.2,Tstd:138.8,Bpos:249.5,Bstd:173.7,StrandBias:0.0,Multiplicity:1.41
0.083	0.558	0.138	0.221
0.193	0.232	0.456	0.119
0.151	0.177	0.262	0.411
0.083	0.053	0.030	0.834
0.028	0.136	0.010	0.826
0.018	0.524	0.105	0.353
0.089	0.598	0.199	0.114
0.126	0.044	0.629	0.201
>GTTTCGGA	4-GTTTCGGA	4.981794	-983.740889	0	T:18590.0(49.25%),B:13491.5(38.03%),P:1e-427	Tpos:250.8,Tstd:141.7,Bpos:253.8,Bstd:167.0,StrandBias:-0.0,Multiplicity:1.21
0.008	0.213	0.704	0.075
0.114	0.080	0.150	0.656
0.139	0.092	0.042	0.727
0.035	0.074	0.031	0.860
0.001	0.927	0.071	0.001
0.096	0.249	0.587	0.068
0.105	0.001	0.835	0.059
0.705	0.001	0.070	0.224
>TTCCTCTC	5-TTCCTCTC	6.150593	-916.283321	0	T:21470.0(56.88%),B:16283.4(45.90%),P:1e-397	Tpos:251.2,Tstd:133.8,Bpos:249.4,Bstd:163.4,StrandBias:-0.0,Multiplicity:1.55
0.001	0.094	0.001	0.904
0.001	0.001	0.038	0.960
0.001	0.952	0.046	0.001
0.034	0.955	0.010	0.001
0.087	0.044	0.026	0.843
0.001	0.713	0.118	0.168
0.001	0.001	0.028	0.970
0.025	0.837	0.044	0.094
>TTCGGTTT	6-TTCGGTTT	6.442143	-876.913742	0	T:15913.0(42.16%),B:11315.8(31.90%),P:1e-380	Tpos:247.8,Tstd:136.2,Bpos:248.0,Bstd:161.9,StrandBias:0.0,Multiplicity:1.59
0.001	0.001	0.001	0.997
0.001	0.064	0.060	0.875
0.001	0.594	0.001	0.404
0.001	0.148	0.582	0.269
0.001	0.050	0.948	0.001
0.001	0.001	0.001	0.997
0.001	0.001	0.001	0.997
0.001	0.001	0.001	0.997
>CGCGAAAG	7-CGCGAAAG	3.669671	-845.289436	0	T:27337.0(72.42%),B:22143.8(62.42%),P:1e-367	Tpos:251.3,Tstd:139.9,Bpos:249.2,Bstd:169.0,StrandBias:0.0,Multiplicity:1.55
0.245	0.468	0.047	0.240
0.160	0.207	0.487	0.146
0.163	0.448	0.233	0.155
0.187	0.147	0.553	0.113
0.566	0.113	0.232	0.089
0.542	0.208	0.209	0.041
0.540	0.112	0.159	0.189
0.064	0.227	0.463	0.246
>CGCGGAAA	8-CGCGGAAA	5.059477	-732.779398	0	T:22319.0(59.13%),B:17498.5(49.33%),P:1e-318	Tpos:251.0,Tstd:139.2,Bpos:248.5,Bstd:172.1,StrandBias:0.0,Multiplicity:1.44
0.160	0.636	0.203	0.001
0.021	0.046	0.932	0.001
0.170	0.633	0.097	0.100
0.159	0.110	0.623	0.108
0.146	0.139	0.695	0.020
0.817	0.010	0.158	0.015
0.930	0.001	0.051	0.018
0.732	0.041	0.061	0.166
>AACGACGA	9-AACGACGA	4.447118	-647.882065	0	T:24591.0(65.15%),B:19892.0(56.08%),P:1e-281	Tpos:250.5,Tstd:139.2,Bpos:251.4,Bstd:174.6,StrandBias:0.0,Multiplicity:1.55
0.900	0.015	0.022	0.063
0.565	0.230	0.183	0.022
0.177	0.677	0.138	0.008
0.109	0.211	0.652	0.028
0.520	0.177	0.230	0.073
0.230	0.591	0.155	0.024
0.231	0.019	0.728	0.022
0.457	0.168	0.243	0.133
>GAGGAAGT	10-GAGGAAGT	7.045749	-574.976516	0	T:13966.0(37.00%),B:10260.5(28.92%),P:1e-249	Tpos:251.3,Tstd:135.6,Bpos:248.2,Bstd:159.9,StrandBias:-0.1,Multiplicity:1.15
0.112	0.279	0.608	0.001
0.952	0.001	0.046	0.001
0.001	0.001	0.983	0.015
0.032	0.032	0.889	0.047
0.986	0.001	0.001	0.012
0.903	0.001	0.095	0.001
0.051	0.001	0.947	0.001
0.058	0.047	0.045	0.850
>RGGGCGTW	11-RGGGCGTW	5.328882	-550.881084	0	T:22726.0(60.21%),B:18353.1(51.74%),P:1e-239	Tpos:249.2,Tstd:143.2,Bpos:247.4,Bstd:165.4,StrandBias:-0.0,Multiplicity:1.87
0.463	0.024	0.512	0.001
0.123	0.036	0.823	0.018
0.180	0.034	0.731	0.055
0.082	0.031	0.867	0.020
0.224	0.752	0.023	0.001
0.001	0.001	0.919	0.079
0.269	0.056	0.181	0.494
0.423	0.012	0.216	0.349
>GCGNGTTT	12-GCGNGTTT	3.685438	-537.579304	0	T:22365.0(59.25%),B:18046.1(50.87%),P:1e-233	Tpos:252.3,Tstd:141.5,Bpos:247.6,Bstd:168.6,StrandBias:-0.0,Multiplicity:1.29
0.110	0.092	0.525	0.273
0.195	0.511	0.091	0.203
0.076	0.110	0.605	0.209
0.195	0.291	0.199	0.316
0.149	0.164	0.503	0.184
0.105	0.170	0.149	0.576
0.067	0.167	0.188	0.578
0.150	0.163	0.205	0.482
>HCRRWYCG	13-HCRRWYCG	4.856536	-485.303988	0	T:10120.0(26.81%),B:7154.5(20.17%),P:1e-210	Tpos:253.9,Tstd:140.3,Bpos:254.0,Bstd:177.9,StrandBias:-0.0,Multiplicity:1.14
0.268	0.270	0.120	0.343
0.288	0.472	0.114	0.126
0.479	0.038	0.481	0.001
0.503	0.001	0.452	0.044
0.507	0.079	0.034	0.380
0.222	0.458	0.010	0.311
0.032	0.946	0.021	0.001
0.083	0.105	0.670	0.142
>NNTWAMCG	14-NNTWAMCG	4.850790	-446.822533	0	T:17619.0(46.68%),B:13881.8(39.13%),P:1e-194	Tpos:251.0,Tstd:140.7,Bpos:246.9,Bstd:172.2,StrandBias:0.0,Multiplicity:1.33
0.316	0.294	0.167	0.222
0.263	0.268	0.229	0.240
0.094	0.283	0.001	0.622
0.386	0.188	0.001	0.425
0.704	0.294	0.001	0.001
0.473	0.435	0.091	0.001
0.001	0.997	0.001	0.001
0.001	0.001	0.997	0.001
>GAGAGAAA	15-GAGAGAAA	8.226521	-439.570010	0	T:10982.0(29.09%),B:7999.9(22.55%),P:1e-190	Tpos:248.3,Tstd:126.5,Bpos:250.0,Bstd:173.6,StrandBias:-0.0,Multiplicity:1.40
0.186	0.001	0.812	0.001
0.790	0.208	0.001	0.001
0.001	0.230	0.768	0.001
0.997	0.001	0.001	0.001
0.181	0.001	0.817	0.001
0.996	0.001	0.002	0.001
0.625	0.188	0.186	0.001
0.997	0.001	0.001	0.001
>AGAGCAGA	16-AGAGCAGA	4.984459	-428.096742	0	T:25923.0(68.68%),B:21809.8(61.48%),P:1e-185	Tpos:250.7,Tstd:137.8,Bpos:250.1,Bstd:156.0,StrandBias:0.0,Multiplicity:1.55
0.859	0.030	0.110	0.001
0.088	0.028	0.872	0.012
0.940	0.019	0.040	0.001
0.026	0.055	0.881	0.038
0.035	0.872	0.075	0.018
0.971	0.001	0.001	0.027
0.001	0.053	0.945	0.001
0.874	0.028	0.042	0.056
>GTCACGTC	17-GTCACGTC	5.161081	-310.351467	0	T:12415.0(32.89%),B:9617.4(27.11%),P:1e-134	Tpos:250.3,Tstd:139.0,Bpos:249.4,Bstd:159.1,StrandBias:-0.0,Multiplicity:1.22
0.044	0.078	0.760	0.118
0.093	0.029	0.049	0.829
0.069	0.688	0.173	0.070
0.722	0.058	0.125	0.095
0.104	0.731	0.100	0.065
0.147	0.058	0.752	0.043
0.031	0.137	0.033	0.799
0.044	0.720	0.159	0.077
>TGTGTGTG	18-TGTGTGTG	5.633577	-252.031452	0	T:18853.0(49.95%),B:15690.1(44.23%),P:1e-109	Tpos:251.4,Tstd:135.4,Bpos:252.1,Bstd:165.2,StrandBias:-0.0,Multiplicity:1.54
0.140	0.203	0.001	0.656
0.001	0.057	0.721	0.221
0.027	0.171	0.001	0.801
0.001	0.148	0.745	0.106
0.015	0.187	0.029	0.769
0.001	0.141	0.832	0.026
0.060	0.247	0.001	0.692
0.001	0.046	0.783	0.170
>RACAGCTG	19-RACAGCTG	6.833014	-222.284122	0	T:12257.0(32.47%),B:9784.8(27.58%),P:1e-96	Tpos:248.6,Tstd:140.6,Bpos:249.8,Bstd:152.8,StrandBias:-0.0,Multiplicity:1.24
0.450	0.104	0.335	0.110
0.638	0.026	0.056	0.280
0.001	0.997	0.001	0.001
0.933	0.001	0.030	0.036
0.001	0.199	0.799	0.001
0.098	0.774	0.127	0.001
0.285	0.010	0.001	0.704
0.001	0.001	0.997	0.001
>TGAGTCAT	20-TGAGTCAT	7.162646	-206.901176	0	T:3103.0(8.22%),B:2011.0(5.67%),P:1e-89	Tpos:247.4,Tstd:140.5,Bpos:257.4,Bstd:151.8,StrandBias:0.0,Multiplicity:1.07
0.001	0.001	0.001	0.997
0.001	0.001	0.997	0.001
0.963	0.035	0.001	0.001
0.001	0.293	0.705	0.001
0.001	0.001	0.001	0.997
0.001	0.997	0.001	0.001
0.997	0.001	0.001	0.001
0.001	0.001	0.188	0.810
>TRACCACC	21-TRACCACC	7.332421	-203.709419	0	T:5505.0(14.58%),B:3975.2(11.21%),P:1e-88	Tpos:248.6,Tstd:139.3,Bpos:246.4,Bstd:153.8,StrandBias:0.0,Multiplicity:1.09
0.163	0.266	0.001	0.570
0.509	0.001	0.360	0.130
0.997	0.001	0.001	0.001
0.001	0.997	0.001	0.001
0.001	0.824	0.174	0.001
0.741	0.127	0.131	0.001
0.001	0.996	0.002	0.001
0.195	0.630	0.001	0.174
>GATTTGCA	22-GATTTGCA	7.007555	-197.031359	0	T:7560.0(20.03%),B:5743.9(16.19%),P:1e-85	Tpos:250.6,Tstd:143.9,Bpos:251.9,Bstd:156.2,StrandBias:0.0,Multiplicity:1.12
0.083	0.128	0.651	0.138
0.838	0.081	0.001	0.080
0.016	0.046	0.001	0.937
0.001	0.061	0.017	0.921
0.001	0.001	0.045	0.953
0.001	0.053	0.945	0.001
0.021	0.957	0.021	0.001
0.880	0.001	0.001	0.118
>ACACACAC	23-ACACACAC	8.236954	-131.737840	0	T:3253.0(8.62%),B:2303.9(6.49%),P:1e-57	Tpos:251.1,Tstd:126.9,Bpos:253.8,Bstd:166.0,StrandBias:-0.0,Multiplicity:1.64
0.700	0.100	0.100	0.100
0.100	0.700	0.100	0.100
0.700	0.100	0.100	0.100
0.100	0.700	0.100	0.100
0.700	0.100	0.100	0.100
0.100	0.700	0.100	0.100
0.700	0.100	0.100	0.100
0.100	0.700	0.100	0.100
>TCATCABC	24-TCATCABC	5.852933	-82.246939	0	T:13606.0(36.05%),B:11700.1(32.98%),P:1e-35	Tpos:248.8,Tstd:136.9,Bpos:250.5,Bstd:152.5,StrandBias:0.1,Multiplicity:1.25
0.059	0.229	0.001	0.711
0.034	0.754	0.211	0.001
0.692	0.001	0.081	0.226
0.079	0.286	0.002	0.633
0.238	0.657	0.001	0.104
0.621	0.109	0.173	0.097
0.051	0.394	0.256	0.299
0.001	0.954	0.001	0.044
>TGGAATGG	25-TGGAATGG	8.736278	-23.723634	0	T:923.0(2.45%),B:697.3(1.97%),P:1e-10	Tpos:250.3,Tstd:138.7,Bpos:246.6,Bstd:151.6,StrandBias:0.1,Multiplicity:4.43
0.001	0.001	0.001	0.997
0.001	0.097	0.901	0.001
0.001	0.001	0.997	0.001
0.997	0.001	0.001	0.001
0.997	0.001	0.001	0.001
0.001	0.001	0.001	0.997
0.001	0.001	0.997	0.001
0.001	0.001	0.997	0.001
