>TTTCRGTTTC	1-TTTCRGTTTC	8.927908	-3086.555792	0	T:5437.0(14.40%),B:1480.1(4.18%),P:1e-1340	Tpos:248.9,Tstd:134.3,Bpos:254.7,Bstd:163.7,StrandBias:-0.0,Multiplicity:1.12
0.023	0.016	0.061	0.900
0.039	0.050	0.011	0.900
0.014	0.185	0.048	0.753
0.001	0.775	0.021	0.203
0.332	0.106	0.408	0.154
0.108	0.257	0.485	0.149
0.030	0.005	0.016	0.949
0.035	0.081	0.023	0.861
0.028	0.210	0.068	0.694
0.012	0.636	0.028	0.324
>AAACGAAACY	2-AAACGAAACY	8.079668	-1970.369570	0	T:6542.0(17.33%),B:2661.8(7.52%),P:1e-855	Tpos:249.1,Tstd:138.1,Bpos:253.6,Bstd:168.3,StrandBias:-0.0,Multiplicity:1.14
0.910	0.036	0.034	0.020
0.915	0.046	0.023	0.016
0.527	0.211	0.166	0.096
0.121	0.527	0.045	0.307
0.117	0.121	0.740	0.022
0.864	0.046	0.078	0.012
0.904	0.043	0.021	0.032
0.939	0.022	0.027	0.012
0.208	0.470	0.242	0.080
0.174	0.364	0.107	0.356
>CTTTCGGTTT	3-CTTTCGGTTT	5.305333	-1717.844528	0	T:18410.0(48.77%),B:12083.6(34.12%),P:1e-746	Tpos:248.6,Tstd:137.0,Bpos:249.8,Bstd:168.9,StrandBias:0.0,Multiplicity:1.32
0.144	0.469	0.188	0.199
0.092	0.149	0.163	0.596
0.031	0.145	0.132	0.692
0.034	0.186	0.173	0.607
0.051	0.693	0.086	0.170
0.095	0.210	0.569	0.126
0.113	0.155	0.559	0.173
0.096	0.131	0.165	0.608
0.049	0.161	0.130	0.660
0.097	0.214	0.141	0.548
>TTTCCGCCCS	4-TTTCCGCCCS	5.493424	-1075.494722	0	T:27113.0(71.83%),B:21402.6(60.44%),P:1e-467	Tpos:249.9,Tstd:138.2,Bpos:250.7,Bstd:170.5,StrandBias:0.0,Multiplicity:1.64
0.038	0.083	0.026	0.853
0.001	0.111	0.001	0.887
0.001	0.157	0.001	0.841
0.001	0.755	0.001	0.243
0.001	0.744	0.023	0.232
0.001	0.275	0.519	0.205
0.037	0.722	0.113	0.128
0.011	0.496	0.313	0.181
0.068	0.482	0.304	0.146
0.034	0.442	0.307	0.217
>AAAGGAAGCG	5-AAAGGAAGCG	4.838531	-1071.568461	0	T:25284.0(66.98%),B:19590.7(55.32%),P:1e-465	Tpos:252.2,Tstd:138.4,Bpos:252.1,Bstd:163.8,StrandBias:-0.0,Multiplicity:1.42
0.702	0.079	0.125	0.094
0.665	0.137	0.115	0.083
0.691	0.115	0.100	0.094
0.109	0.091	0.703	0.097
0.110	0.109	0.688	0.093
0.699	0.105	0.108	0.088
0.717	0.091	0.103	0.089
0.103	0.099	0.722	0.076
0.097	0.687	0.083	0.133
0.103	0.092	0.725	0.080
>GGAADKGAAW	6-GGAADKGAAW	6.192445	-918.801650	0	T:25085.0(66.46%),B:19710.7(55.66%),P:1e-399	Tpos:250.2,Tstd:136.8,Bpos:250.6,Bstd:161.2,StrandBias:0.0,Multiplicity:1.68
0.092	0.001	0.722	0.185
0.226	0.059	0.714	0.001
0.842	0.117	0.001	0.040
0.575	0.001	0.423	0.001
0.345	0.001	0.296	0.358
0.001	0.113	0.510	0.376
0.109	0.001	0.821	0.069
0.997	0.001	0.001	0.001
0.522	0.121	0.333	0.024
0.448	0.109	0.035	0.408
>TTWGCTCCGC	7-TTWGCTCCGC	4.642635	-873.521950	0	T:25585.0(67.78%),B:20299.1(57.32%),P:1e-379	Tpos:250.4,Tstd:141.1,Bpos:250.1,Bstd:167.6,StrandBias:-0.0,Multiplicity:1.58
0.008	0.087	0.026	0.879
0.003	0.207	0.021	0.769
0.277	0.241	0.086	0.396
0.291	0.077	0.520	0.112
0.022	0.852	0.041	0.085
0.299	0.157	0.037	0.507
0.005	0.794	0.155	0.046
0.043	0.890	0.007	0.060
0.012	0.064	0.850	0.074
0.172	0.546	0.146	0.136
>NTCGCGTTTN	8-NTCGCGTTTN	3.849602	-781.370213	0	T:17928.0(47.50%),B:13292.9(37.54%),P:1e-339	Tpos:250.4,Tstd:138.3,Bpos:249.7,Bstd:178.7,StrandBias:-0.0,Multiplicity:1.40
0.226	0.255	0.238	0.281
0.135	0.164	0.164	0.537
0.121	0.588	0.144	0.147
0.130	0.144	0.583	0.143
0.135	0.550	0.165	0.150
0.130	0.146	0.569	0.155
0.151	0.159	0.165	0.525
0.130	0.160	0.159	0.551
0.140	0.161	0.154	0.545
0.215	0.274	0.255	0.257
>TTTCTCTCTC	9-TTTCTCTCTC	6.381843	-707.783262	0	T:17851.0(47.29%),B:13389.1(37.81%),P:1e-307	Tpos:248.9,Tstd:128.2,Bpos:251.1,Bstd:177.1,StrandBias:0.0,Multiplicity:1.58
0.078	0.082	0.084	0.756
0.087	0.126	0.128	0.659
0.093	0.116	0.088	0.703
0.091	0.675	0.086	0.148
0.110	0.092	0.127	0.671
0.111	0.635	0.101	0.153
0.092	0.080	0.101	0.727
0.102	0.622	0.069	0.207
0.090	0.125	0.120	0.665
0.112	0.722	0.068	0.098
>TCTGCGGTTT	10-TCTGCGGTTT	6.798123	-450.340498	0	T:8442.0(22.36%),B:5815.7(16.42%),P:1e-195	Tpos:248.0,Tstd:140.9,Bpos:248.6,Bstd:160.7,StrandBias:0.0,Multiplicity:1.13
0.181	0.024	0.279	0.516
0.001	0.637	0.163	0.199
0.209	0.001	0.001	0.789
0.030	0.036	0.933	0.001
0.001	0.698	0.001	0.300
0.165	0.126	0.708	0.001
0.001	0.001	0.997	0.001
0.108	0.001	0.199	0.692
0.058	0.227	0.072	0.643
0.259	0.001	0.232	0.508
>TGASTCAGCV	11-TGASTCAGCV	8.550467	-383.916352	0	T:1847.0(4.89%),B:856.6(2.42%),P:1e-166	Tpos:246.1,Tstd:141.5,Bpos:245.0,Bstd:146.0,StrandBias:0.1,Multiplicity:1.05
0.025	0.131	0.001	0.843
0.180	0.001	0.818	0.001
0.997	0.001	0.001	0.001
0.184	0.471	0.327	0.019
0.001	0.001	0.001	0.997
0.001	0.906	0.092	0.001
0.671	0.140	0.188	0.001
0.001	0.001	0.716	0.282
0.055	0.835	0.028	0.082
0.275	0.214	0.337	0.174
>AACGGTCTWT	12-AACGGTCTWT	4.231967	-313.454793	0	T:17524.0(46.42%),B:14202.6(40.10%),P:1e-136	Tpos:250.5,Tstd:139.9,Bpos:251.5,Bstd:172.6,StrandBias:0.0,Multiplicity:1.45
0.890	0.010	0.099	0.001
0.628	0.145	0.125	0.102
0.001	0.997	0.001	0.001
0.001	0.004	0.994	0.001
0.134	0.259	0.547	0.060
0.139	0.148	0.072	0.641
0.023	0.742	0.197	0.038
0.283	0.181	0.011	0.525
0.364	0.205	0.203	0.228
0.202	0.107	0.219	0.473
>GATGAAATGA	13-GATGAAATGA	-6.881355	-300.962114	0	T:31447.0(83.31%),B:27727.3(78.29%),P:1e-130	Tpos:249.1,Tstd:141.1,Bpos:250.6,Bstd:158.2,StrandBias:-0.0,Multiplicity:1.89
0.001	0.001	0.997	0.001
0.997	0.001	0.001	0.001
0.001	0.001	0.001	0.997
0.001	0.001	0.997	0.001
0.997	0.001	0.001	0.001
0.997	0.001	0.001	0.001
0.997	0.001	0.001	0.001
0.001	0.088	0.001	0.910
0.001	0.001	0.997	0.001
0.997	0.001	0.001	0.001
>GCTCGCGAAA	14-GCTCGCGAAA	6.382808	-226.905752	0	T:4761.0(12.61%),B:3294.7(9.30%),P:1e-98	Tpos:253.7,Tstd:138.2,Bpos:252.8,Bstd:173.2,StrandBias:0.0,Multiplicity:1.06
0.040	0.066	0.815	0.079
0.049	0.858	0.035	0.058
0.042	0.091	0.041	0.826
0.033	0.826	0.073	0.068
0.083	0.142	0.686	0.089
0.058	0.748	0.102	0.092
0.078	0.091	0.799	0.032
0.820	0.057	0.051	0.072
0.845	0.092	0.039	0.024
0.779	0.100	0.057	0.064
>TTGCAGCTGH	15-TTGCAGCTGH	6.222433	-223.910178	0	T:13947.0(36.95%),B:11280.3(31.85%),P:1e-97	Tpos:249.8,Tstd:138.2,Bpos:249.1,Bstd:156.3,StrandBias:-0.0,Multiplicity:1.26
0.062	0.156	0.312	0.470
0.038	0.026	0.008	0.928
0.009	0.010	0.861	0.120
0.036	0.860	0.071	0.033
0.616	0.089	0.186	0.109
0.064	0.067	0.557	0.312
0.138	0.808	0.045	0.009
0.150	0.118	0.001	0.731
0.008	0.121	0.870	0.001
0.308	0.311	0.073	0.308
>ACACACACAC	16-ACACACACAC	7.166635	-219.128652	0	T:7172.0(19.00%),B:5331.9(15.06%),P:1e-95	Tpos:250.8,Tstd:127.0,Bpos:254.5,Bstd:160.5,StrandBias:0.1,Multiplicity:1.61
0.791	0.086	0.053	0.070
0.121	0.795	0.057	0.027
0.766	0.049	0.098	0.087
0.072	0.838	0.067	0.023
0.789	0.012	0.098	0.101
0.091	0.824	0.064	0.021
0.782	0.017	0.121	0.080
0.093	0.816	0.054	0.037
0.747	0.069	0.102	0.082
0.101	0.850	0.033	0.016
>TCACCCGTTC	17-TCACCCGTTC	7.294049	-201.877905	0	T:5854.0(15.51%),B:4266.8(12.05%),P:1e-87	Tpos:251.3,Tstd:134.2,Bpos:246.8,Bstd:158.0,StrandBias:-0.1,Multiplicity:1.12
0.099	0.122	0.027	0.752
0.001	0.974	0.001	0.024
0.636	0.157	0.104	0.103
0.001	0.996	0.001	0.002
0.075	0.741	0.001	0.183
0.087	0.811	0.001	0.101
0.172	0.104	0.618	0.106
0.129	0.222	0.001	0.648
0.001	0.001	0.063	0.935
0.083	0.886	0.030	0.001
>TTAGTTCTGC	18-TTAGTTCTGC	10.296193	-190.729766	0	T:175.0(0.46%),B:24.4(0.07%),P:1e-82	Tpos:244.2,Tstd:107.8,Bpos:233.2,Bstd:152.9,StrandBias:-0.1,Multiplicity:1.00
0.100	0.100	0.100	0.700
0.100	0.100	0.100	0.700
0.700	0.100	0.100	0.100
0.100	0.100	0.700	0.100
0.100	0.100	0.100	0.700
0.100	0.100	0.100	0.700
0.100	0.700	0.100	0.100
0.100	0.100	0.100	0.700
0.100	0.100	0.700	0.100
0.100	0.700	0.100	0.100
>TTGGTTAATC	19-TTGGTTAATC	10.296193	-164.794820	0	T:120.0(0.32%),B:12.7(0.04%),P:1e-71	Tpos:262.4,Tstd:162.2,Bpos:200.9,Bstd:148.6,StrandBias:-0.0,Multiplicity:1.00
0.100	0.100	0.100	0.700
0.100	0.100	0.100	0.700
0.100	0.100	0.700	0.100
0.100	0.100	0.700	0.100
0.100	0.100	0.100	0.700
0.100	0.100	0.100	0.700
0.700	0.100	0.100	0.100
0.700	0.100	0.100	0.100
0.100	0.100	0.100	0.700
0.100	0.700	0.100	0.100
>TTTGATGTAG	20-TTTGATGTAG	10.483495	-162.431225	0	T:160.0(0.42%),B:24.7(0.07%),P:1e-70	Tpos:251.0,Tstd:94.7,Bpos:273.0,Bstd:161.5,StrandBias:0.2,Multiplicity:1.00
0.001	0.001	0.001	0.997
0.001	0.001	0.001	0.997
0.001	0.035	0.001	0.963
0.001	0.001	0.997	0.001
0.997	0.001	0.001	0.001
0.001	0.001	0.001	0.997
0.001	0.001	0.997	0.001
0.001	0.001	0.001	0.997
0.997	0.001	0.001	0.001
0.001	0.001	0.997	0.001
>GATAGGTTGT	21-GATAGGTTGT	10.296193	-115.792790	0	T:90.0(0.24%),B:10.7(0.03%),P:1e-50	Tpos:268.8,Tstd:126.3,Bpos:277.5,Bstd:184.9,StrandBias:0.5,Multiplicity:1.00
0.100	0.100	0.700	0.100
0.700	0.100	0.100	0.100
0.100	0.100	0.100	0.700
0.700	0.100	0.100	0.100
0.100	0.100	0.700	0.100
0.100	0.100	0.700	0.100
0.100	0.100	0.100	0.700
0.100	0.100	0.100	0.700
0.100	0.100	0.700	0.100
0.100	0.100	0.100	0.700
>GACCATTAGC	22-GACCATTAGC	10.296193	-104.006298	0	T:77.0(0.20%),B:8.7(0.02%),P:1e-45	Tpos:239.2,Tstd:163.3,Bpos:234.6,Bstd:189.7,StrandBias:0.0,Multiplicity:1.00
0.100	0.100	0.700	0.100
0.700	0.100	0.100	0.100
0.100	0.700	0.100	0.100
0.100	0.700	0.100	0.100
0.700	0.100	0.100	0.100
0.100	0.100	0.100	0.700
0.100	0.100	0.100	0.700
0.700	0.100	0.100	0.100
0.100	0.100	0.700	0.100
0.100	0.700	0.100	0.100
>ATCGTTTGTA	23-ATCGTTTGTA	9.036923	-75.735626	0	T:339.0(0.90%),B:153.9(0.43%),P:1e-32	Tpos:245.5,Tstd:141.1,Bpos:263.0,Bstd:142.0,StrandBias:-0.1,Multiplicity:1.08
0.605	0.197	0.197	0.001
0.150	0.034	0.001	0.815
0.001	0.997	0.001	0.001
0.001	0.001	0.973	0.025
0.001	0.001	0.001	0.997
0.104	0.001	0.001	0.894
0.001	0.001	0.011	0.987
0.001	0.011	0.987	0.001
0.001	0.001	0.148	0.850
0.884	0.011	0.104	0.001
>GGAATGGAAT	24-GGAATGGAAT	11.111462	-69.185490	0	T:174.0(0.46%),B:59.5(0.17%),P:1e-30	Tpos:250.0,Tstd:137.3,Bpos:241.7,Bstd:140.3,StrandBias:-0.1,Multiplicity:15.20
0.001	0.069	0.929	0.001
0.001	0.001	0.997	0.001
0.997	0.001	0.001	0.001
0.997	0.001	0.001	0.001
0.001	0.027	0.001	0.971
0.001	0.025	0.973	0.001
0.001	0.001	0.997	0.001
0.997	0.001	0.001	0.001
0.997	0.001	0.001	0.001
0.001	0.001	0.001	0.997
>CATCATCACC	25-CATCATCACC	8.258850	-20.050402	0	T:1525.0(4.04%),B:1229.9(3.47%),P:1e-8	Tpos:249.6,Tstd:134.5,Bpos:248.8,Bstd:148.1,StrandBias:0.1,Multiplicity:1.32
0.001	0.945	0.010	0.044
0.967	0.001	0.031	0.001
0.051	0.132	0.001	0.816
0.001	0.953	0.011	0.035
0.959	0.020	0.020	0.001
0.014	0.077	0.001	0.908
0.014	0.965	0.001	0.020
0.976	0.011	0.001	0.012
0.001	0.795	0.001	0.203
0.019	0.971	0.009	0.001
>GTTTCAGTTTCN	1-GTTTCAGTTTCN	9.501293	-3452.485264	0	T:5065.0(13.42%),B:1182.2(3.34%),P:1e-1499	Tpos:249.0,Tstd:134.0,Bpos:247.9,Bstd:158.3,StrandBias:-0.0,Multiplicity:1.12
0.101	0.320	0.483	0.096
0.001	0.014	0.001	0.984
0.007	0.060	0.004	0.929
0.001	0.082	0.015	0.902
0.001	0.690	0.004	0.305
0.493	0.064	0.246	0.197
0.064	0.215	0.472	0.250
0.018	0.001	0.001	0.980
0.013	0.120	0.001	0.866
0.029	0.177	0.085	0.709
0.098	0.547	0.075	0.280
0.316	0.194	0.228	0.262
>NRAAMTGAAAST	2-NRAAMTGAAAST	8.658808	-2539.791524	0	T:7669.0(20.32%),B:3003.7(8.48%),P:1e-1103	Tpos:248.8,Tstd:141.1,Bpos:251.0,Bstd:163.5,StrandBias:0.1,Multiplicity:1.07
0.301	0.254	0.279	0.167
0.454	0.068	0.431	0.048
0.882	0.001	0.056	0.061
0.818	0.069	0.108	0.005
0.399	0.319	0.228	0.054
0.127	0.008	0.131	0.734
0.050	0.001	0.948	0.001
0.925	0.062	0.001	0.012
0.989	0.009	0.001	0.001
0.984	0.014	0.001	0.001
0.073	0.479	0.395	0.053
0.163	0.107	0.001	0.729
>AACCGAAACCAA	3-AACCGAAACCAA	6.517702	-976.176343	0	T:15441.0(40.91%),B:10694.2(30.20%),P:1e-423	Tpos:248.2,Tstd:134.9,Bpos:247.7,Bstd:163.9,StrandBias:-0.0,Multiplicity:1.38
0.700	0.100	0.100	0.100
0.700	0.100	0.100	0.100
0.100	0.700	0.100	0.100
0.100	0.700	0.100	0.100
0.100	0.100	0.700	0.100
0.700	0.100	0.100	0.100
0.700	0.100	0.100	0.100
0.700	0.100	0.100	0.100
0.100	0.700	0.100	0.100
0.100	0.700	0.100	0.100
0.700	0.100	0.100	0.100
0.700	0.100	0.100	0.100
>MKTCMCKTTCNB	4-MKTCMCKTTCNB	4.430095	-889.847855	0	T:25422.0(67.35%),B:20103.5(56.77%),P:1e-386	Tpos:250.6,Tstd:138.4,Bpos:248.1,Bstd:162.9,StrandBias:0.0,Multiplicity:1.47
0.236	0.382	0.190	0.191
0.182	0.195	0.382	0.241
0.143	0.078	0.149	0.630
0.245	0.447	0.174	0.134
0.444	0.554	0.001	0.001
0.063	0.601	0.268	0.068
0.111	0.078	0.346	0.465
0.225	0.149	0.083	0.543
0.204	0.107	0.144	0.545
0.159	0.630	0.133	0.078
0.301	0.224	0.280	0.195
0.180	0.333	0.252	0.235
>AAACAGGAAGTG	5-AAACAGGAAGTG	5.692724	-830.267689	0	T:21112.0(55.93%),B:16108.9(45.49%),P:1e-360	Tpos:251.5,Tstd:135.7,Bpos:252.0,Bstd:162.4,StrandBias:0.0,Multiplicity:1.37
0.609	0.110	0.231	0.050
0.644	0.077	0.245	0.034
0.788	0.055	0.116	0.041
0.178	0.646	0.135	0.041
0.997	0.001	0.001	0.001
0.001	0.001	0.997	0.001
0.001	0.001	0.997	0.001
0.986	0.012	0.001	0.001
0.969	0.001	0.001	0.029
0.248	0.045	0.706	0.001
0.091	0.093	0.122	0.694
0.153	0.073	0.567	0.207
>TTTTTCTCTCTC	6-TTTTTCTCTCTC	6.317918	-601.472539	0	T:21059.0(55.79%),B:16610.5(46.90%),P:1e-261	Tpos:248.2,Tstd:129.5,Bpos:252.3,Bstd:178.2,StrandBias:0.0,Multiplicity:1.60
0.176	0.043	0.086	0.695
0.049	0.263	0.138	0.550
0.008	0.020	0.010	0.962
0.020	0.256	0.044	0.680
0.018	0.048	0.038	0.896
0.023	0.821	0.042	0.114
0.066	0.085	0.001	0.848
0.015	0.800	0.068	0.117
0.028	0.047	0.001	0.924
0.004	0.841	0.016	0.139
0.018	0.135	0.010	0.837
0.010	0.869	0.058	0.063
>TTAGTTCTGCTC	7-TTAGTTCTGCTC	12.561493	-384.894358	0	T:148.0(0.39%),B:4.4(0.01%),P:1e-167	Tpos:226.3,Tstd:96.0,Bpos:269.6,Bstd:49.4,StrandBias:0.2,Multiplicity:1.00
0.001	0.001	0.001	0.997
0.001	0.001	0.001	0.997
0.997	0.001	0.001	0.001
0.001	0.001	0.997	0.001
0.135	0.001	0.001	0.863
0.001	0.001	0.001	0.997
0.297	0.566	0.136	0.001
0.001	0.001	0.001	0.997
0.001	0.001	0.997	0.001
0.076	0.922	0.001	0.001
0.161	0.001	0.161	0.677
0.001	0.997	0.001	0.001
>GTTTGATGTAGG	8-GTTTGATGTAGG	12.938125	-294.908076	0	T:122.0(0.32%),B:4.6(0.01%),P:1e-128	Tpos:252.1,Tstd:94.3,Bpos:384.4,Bstd:72.6,StrandBias:0.1,Multiplicity:1.00
0.001	0.001	0.916	0.082
0.001	0.009	0.005	0.985
0.035	0.001	0.001	0.963
0.001	0.051	0.107	0.841
0.001	0.317	0.681	0.001
0.993	0.005	0.001	0.001
0.001	0.105	0.005	0.889
0.040	0.105	0.849	0.006
0.005	0.001	0.114	0.880
0.938	0.047	0.005	0.010
0.038	0.027	0.934	0.001
0.035	0.001	0.963	0.001
>GGGGCGGGGCBR	9-GGGGCGGGGCBR	8.847643	-266.237396	0	T:5240.0(13.88%),B:3593.1(10.15%),P:1e-115	Tpos:249.9,Tstd:156.0,Bpos:238.3,Bstd:169.2,StrandBias:0.1,Multiplicity:1.45
0.246	0.001	0.647	0.106
0.256	0.001	0.742	0.001
0.001	0.001	0.997	0.001
0.044	0.001	0.954	0.001
0.001	0.922	0.001	0.076
0.042	0.001	0.918	0.039
0.001	0.001	0.801	0.197
0.177	0.001	0.755	0.067
0.213	0.013	0.751	0.023
0.201	0.462	0.199	0.138
0.175	0.338	0.226	0.262
0.255	0.174	0.383	0.188
>AAAATCTCTGGG	10-AAAATCTCTGGG	13.224009	-256.251169	0	T:118.0(0.31%),B:5.7(0.02%),P:1e-111	Tpos:244.1,Tstd:122.1,Bpos:224.5,Bstd:204.2,StrandBias:-0.1,Multiplicity:1.00
0.997	0.001	0.001	0.001
0.997	0.001	0.001	0.001
0.997	0.001	0.001	0.001
0.997	0.001	0.001	0.001
0.001	0.357	0.001	0.641
0.001	0.997	0.001	0.001
0.001	0.001	0.213	0.785
0.107	0.891	0.001	0.001
0.001	0.213	0.107	0.679
0.001	0.213	0.785	0.001
0.001	0.106	0.892	0.001
0.001	0.001	0.997	0.001
>GCAAGATTAACC	11-GCAAGATTAACC	12.634478	-250.784006	0	T:100.0(0.26%),B:3.4(0.01%),P:1e-108	Tpos:228.3,Tstd:161.3,Bpos:180.3,Bstd:153.2,StrandBias:-0.4,Multiplicity:1.00
0.001	0.001	0.997	0.001
0.001	0.997	0.001	0.001
0.785	0.213	0.001	0.001
0.997	0.001	0.001	0.001
0.240	0.001	0.750	0.009
0.565	0.001	0.258	0.176
0.001	0.175	0.001	0.823
0.001	0.001	0.001	0.997
0.619	0.204	0.001	0.176
0.997	0.001	0.001	0.001
0.001	0.911	0.001	0.087
0.027	0.971	0.001	0.001
>AARGKCACAMCT	12-AARGKCACAMCT	11.649174	-248.488891	0	T:89.0(0.24%),B:2.5(0.01%),P:1e-107	Tpos:240.7,Tstd:99.7,Bpos:304.4,Bstd:134.2,StrandBias:-0.3,Multiplicity:1.00
0.635	0.187	0.018	0.160
0.716	0.046	0.132	0.106
0.493	0.043	0.446	0.018
0.151	0.042	0.767	0.040
0.066	0.006	0.471	0.457
0.058	0.700	0.015	0.227
0.743	0.018	0.019	0.220
0.261	0.699	0.006	0.034
0.820	0.088	0.061	0.031
0.441	0.553	0.003	0.003
0.015	0.635	0.338	0.012
0.012	0.024	0.046	0.918
>TAATGGTCTATC	13-TAATGGTCTATC	13.376721	-248.488891	0	T:89.0(0.24%),B:2.4(0.01%),P:1e-107	Tpos:253.7,Tstd:159.0,Bpos:189.7,Bstd:118.6,StrandBias:-0.0,Multiplicity:1.00
0.001	0.288	0.001	0.710
0.997	0.001	0.001	0.001
0.870	0.001	0.001	0.128
0.001	0.128	0.001	0.870
0.001	0.001	0.997	0.001
0.045	0.067	0.887	0.001
0.128	0.203	0.001	0.668
0.001	0.997	0.001	0.001
0.001	0.001	0.001	0.997
0.997	0.001	0.001	0.001
0.001	0.001	0.001	0.997
0.001	0.997	0.001	0.001
>ACACAACCTATC	14-ACACAACCTATC	12.420741	-235.798788	0	T:104.0(0.28%),B:4.3(0.01%),P:1e-102	Tpos:260.0,Tstd:132.8,Bpos:168.6,Bstd:128.0,StrandBias:-0.4,Multiplicity:1.00
0.754	0.001	0.187	0.058
0.157	0.674	0.001	0.168
0.997	0.001	0.001	0.001
0.157	0.721	0.110	0.012
0.997	0.001	0.001	0.001
0.841	0.157	0.001	0.001
0.001	0.783	0.215	0.001
0.001	0.997	0.001	0.001
0.001	0.001	0.001	0.997
0.997	0.001	0.001	0.001
0.058	0.030	0.001	0.911
0.001	0.997	0.001	0.001
>TCTTGGTTATTT	15-TCTTGGTTATTT	12.771128	-229.962083	0	T:116.0(0.31%),B:6.3(0.02%),P:1e-99	Tpos:248.8,Tstd:96.7,Bpos:335.0,Bstd:138.9,StrandBias:-0.2,Multiplicity:1.00
0.001	0.024	0.001	0.974
0.001	0.961	0.037	0.001
0.001	0.001	0.001	0.997
0.012	0.001	0.001	0.986
0.001	0.001	0.997	0.001
0.001	0.001	0.997	0.001
0.001	0.030	0.001	0.968
0.003	0.001	0.001	0.995
0.997	0.001	0.001	0.001
0.001	0.013	0.008	0.978
0.001	0.001	0.001	0.997
0.004	0.001	0.001	0.994
>GTTTCTCTAGTC	16-GTTTCTCTAGTC	13.817892	-219.911436	0	T:124.0(0.33%),B:8.2(0.02%),P:1e-95	Tpos:237.5,Tstd:79.4,Bpos:200.0,Bstd:63.6,StrandBias:0.3,Multiplicity:1.02
0.001	0.001	0.997	0.001
0.111	0.097	0.016	0.776
0.029	0.016	0.002	0.953
0.001	0.014	0.083	0.902
0.014	0.911	0.074	0.001
0.045	0.002	0.001	0.952
0.167	0.827	0.005	0.001
0.001	0.014	0.064	0.921
0.686	0.002	0.311	0.001
0.130	0.014	0.855	0.001
0.001	0.042	0.001	0.956
0.043	0.535	0.157	0.265
>GAATGGAATGGA	17-GAATGGAATGGA	16.091094	-207.647875	0	T:114.0(0.30%),B:7.3(0.02%),P:1e-90	Tpos:250.2,Tstd:136.3,Bpos:224.2,Bstd:152.9,StrandBias:-0.0,Multiplicity:8.45
0.014	0.015	0.961	0.010
0.988	0.005	0.001	0.006
0.903	0.001	0.085	0.011
0.020	0.028	0.001	0.951
0.024	0.008	0.953	0.015
0.010	0.027	0.962	0.001
0.991	0.001	0.004	0.004
0.946	0.013	0.030	0.011
0.017	0.027	0.006	0.950
0.030	0.014	0.944	0.012
0.020	0.033	0.942	0.005
0.980	0.005	0.009	0.006
>TGTGTGTGTGTG	18-TGTGTGTGTGTG	4.260203	-183.596927	0	T:20582.0(54.53%),B:17582.7(49.65%),P:1e-79	Tpos:249.7,Tstd:129.4,Bpos:251.0,Bstd:157.6,StrandBias:-0.1,Multiplicity:1.77
0.056	0.054	0.053	0.837
0.038	0.066	0.847	0.049
0.051	0.046	0.052	0.851
0.052	0.076	0.814	0.058
0.058	0.053	0.045	0.844
0.068	0.074	0.782	0.076
0.058	0.055	0.048	0.839
0.045	0.093	0.807	0.055
0.073	0.041	0.044	0.842
0.041	0.084	0.830	0.045
0.057	0.053	0.033	0.857
0.031	0.049	0.851	0.069
>ATGGAATGGAAT	19-ATGGAATGGAAT	11.148189	-144.531357	0	T:167.0(0.44%),B:30.2(0.09%),P:1e-62	Tpos:256.1,Tstd:134.9,Bpos:270.3,Bstd:142.2,StrandBias:0.0,Multiplicity:2.29
0.581	0.049	0.287	0.083
0.028	0.057	0.118	0.797
0.081	0.114	0.674	0.131
0.262	0.094	0.596	0.048
0.812	0.069	0.056	0.063
0.672	0.065	0.211	0.052
0.038	0.049	0.026	0.887
0.099	0.066	0.716	0.119
0.201	0.138	0.602	0.059
0.846	0.060	0.053	0.041
0.708	0.078	0.154	0.060
0.119	0.043	0.018	0.820
>AATTAAATAACC	20-AATTAAATAACC	10.864625	-142.248287	0	T:89.0(0.24%),B:7.1(0.02%),P:1e-61	Tpos:250.5,Tstd:186.2,Bpos:239.4,Bstd:139.6,StrandBias:0.0,Multiplicity:1.00
0.997	0.001	0.001	0.001
0.997	0.001	0.001	0.001
0.001	0.004	0.001	0.994
0.001	0.001	0.001	0.997
0.997	0.001	0.001	0.001
0.997	0.001	0.001	0.001
0.997	0.001	0.001	0.001
0.001	0.001	0.001	0.997
0.997	0.001	0.001	0.001
0.997	0.001	0.001	0.001
0.001	0.803	0.001	0.195
0.001	0.997	0.001	0.001
>ACTCGGGTTGAT	21-ACTCGGGTTGAT	12.069252	-134.873680	0	T:47.0(0.12%),B:1.4(0.00%),P:1e-58	Tpos:247.5,Tstd:154.2,Bpos:220.5,Bstd:48.1,StrandBias:0.6,Multiplicity:1.91
0.978	0.001	0.001	0.020
0.013	0.965	0.001	0.021
0.002	0.002	0.001	0.995
0.049	0.949	0.001	0.001
0.013	0.002	0.964	0.021
0.060	0.001	0.938	0.001
0.001	0.001	0.997	0.001
0.001	0.002	0.002	0.995
0.002	0.001	0.007	0.990
0.002	0.013	0.983	0.002
0.997	0.001	0.001	0.001
0.002	0.002	0.002	0.994
>GAATGGAATGGA	22-GAATGGAATGGA	12.235972	-111.807328	0	T:149.0(0.39%),B:31.5(0.09%),P:1e-48	Tpos:232.0,Tstd:148.5,Bpos:239.8,Bstd:183.0,StrandBias:0.5,Multiplicity:2.10
0.016	0.015	0.932	0.037
0.953	0.014	0.027	0.006
0.828	0.031	0.100	0.041
0.031	0.054	0.030	0.885
0.083	0.155	0.691	0.071
0.036	0.034	0.880	0.050
0.951	0.011	0.026	0.012
0.844	0.059	0.074	0.023
0.028	0.032	0.038	0.902
0.070	0.054	0.816	0.060
0.030	0.025	0.913	0.032
0.943	0.026	0.020	0.011
>TCATCATTTCAT	23-TCATCATTTCAT	-7.336506	-104.804336	0	T:19860.0(52.61%),B:17335.5(48.95%),P:1e-45	Tpos:251.5,Tstd:140.5,Bpos:251.5,Bstd:154.6,StrandBias:0.0,Multiplicity:1.60
0.001	0.001	0.001	0.997
0.001	0.997	0.001	0.001
0.967	0.001	0.031	0.001
0.001	0.041	0.001	0.957
0.001	0.997	0.001	0.001
0.997	0.001	0.001	0.001
0.001	0.001	0.001	0.997
0.001	0.001	0.001	0.997
0.001	0.001	0.001	0.997
0.001	0.997	0.001	0.001
0.993	0.001	0.005	0.001
0.001	0.001	0.001	0.997
>TTRGRATGCCGG	24-TTRGRATGCCGG	11.614846	-67.726864	0	T:35.0(0.09%),B:2.9(0.01%),P:1e-29	Tpos:233.0,Tstd:134.5,Bpos:344.6,Bstd:113.8,StrandBias:-0.2,Multiplicity:2.24
0.063	0.069	0.026	0.842
0.039	0.227	0.020	0.714
0.538	0.020	0.441	0.001
0.001	0.020	0.966	0.013
0.395	0.095	0.470	0.039
0.885	0.063	0.045	0.007
0.251	0.063	0.117	0.569
0.075	0.020	0.866	0.039
0.201	0.728	0.026	0.045
0.006	0.966	0.027	0.001
0.038	0.014	0.666	0.282
0.019	0.114	0.634	0.233
>CAYCATCAYCAC	25-CAYCATCAYCAC	4.524954	-29.464480	0	T:6418.0(17.00%),B:5533.6(15.63%),P:1e-12	Tpos:251.7,Tstd:137.6,Bpos:246.2,Bstd:149.3,StrandBias:0.0,Multiplicity:1.18
0.001	0.948	0.001	0.050
0.784	0.001	0.214	0.001
0.001	0.430	0.001	0.568
0.001	0.679	0.001	0.319
0.728	0.182	0.089	0.001
0.001	0.363	0.001	0.635
0.001	0.995	0.003	0.001
0.997	0.001	0.001	0.001
0.001	0.530	0.001	0.468
0.001	0.997	0.001	0.001
0.865	0.133	0.001	0.001
0.001	0.639	0.001	0.359
>TTTCRBTT	1-TTTCRBTT	7.787630	-2225.958090	0	T:10232.0(27.11%),B:4949.7(13.98%),P:1e-966	Tpos:250.4,Tstd:139.6,Bpos:255.6,Bstd:162.4,StrandBias:0.0,Multiplicity:1.24
0.011	0.039	0.033	0.917
0.014	0.039	0.015	0.932
0.014	0.096	0.074	0.816
0.020	0.786	0.109	0.085
0.371	0.068	0.441	0.120
0.045	0.236	0.356	0.363
0.030	0.047	0.038	0.885
0.037	0.061	0.036	0.866
>TGAAAGCG	2-TGAAAGCG	4.043754	-1171.856949	0	T:27652.0(73.26%),B:21763.2(61.45%),P:1e-508	Tpos:249.9,Tstd:139.3,Bpos:248.8,Bstd:169.9,StrandBias:-0.0,Multiplicity:1.54
0.259	0.180	0.141	0.420
0.149	0.101	0.636	0.114
0.550	0.137	0.123	0.190
0.480	0.155	0.292	0.073
0.584	0.133	0.132	0.151
0.134	0.218	0.540	0.108
0.155	0.584	0.116	0.145
0.166	0.049	0.719	0.066
>CGTTTCCG	3-CGTTTCCG	5.287140	-1084.380224	0	T:22293.0(59.06%),B:16687.2(47.12%),P:1e-470	Tpos:250.3,Tstd:140.0,Bpos:251.4,Bstd:169.9,StrandBias:-0.0,Multiplicity:1.43
0.317	0.560	0.039	0.084
0.155	0.213	0.443	0.189
0.015	0.073	0.123	0.789
0.011	0.096	0.006	0.887
0.026	0.110	0.005	0.859
0.011	0.753	0.027	0.209
0.133	0.727	0.064	0.076
0.025	0.027	0.825	0.123
>TTCGGTTT	4-TTCGGTTT	5.259999	-925.297816	0	T:18286.0(48.44%),B:13311.4(37.59%),P:1e-401	Tpos:248.3,Tstd:136.5,Bpos:250.7,Bstd:164.8,StrandBias:0.0,Multiplicity:1.46
0.082	0.154	0.105	0.659
0.010	0.279	0.238	0.473
0.005	0.626	0.122	0.247
0.054	0.242	0.516	0.188
0.127	0.124	0.490	0.259
0.093	0.153	0.135	0.619
0.019	0.175	0.083	0.723
0.062	0.128	0.140	0.670
>CGCGAAAG	5-CGCGAAAG	3.938197	-820.978935	0	T:31136.0(82.49%),B:26104.3(73.71%),P:1e-356	Tpos:251.9,Tstd:141.8,Bpos:247.2,Bstd:173.5,StrandBias:-0.0,Multiplicity:1.58
0.145	0.624	0.101	0.130
0.112	0.135	0.647	0.106
0.124	0.592	0.142	0.142
0.131	0.092	0.657	0.120
0.620	0.136	0.129	0.115
0.664	0.094	0.144	0.098
0.644	0.109	0.107	0.140
0.178	0.140	0.554	0.128
>GVGGAAGW	6-GVGGAAGW	5.786242	-775.566556	0	T:21812.0(57.78%),B:16889.9(47.69%),P:1e-336	Tpos:251.0,Tstd:136.5,Bpos:251.5,Bstd:162.7,StrandBias:-0.0,Multiplicity:1.46
0.247	0.287	0.464	0.001
0.253	0.368	0.378	0.001
0.001	0.001	0.997	0.001
0.266	0.041	0.692	0.001
0.623	0.001	0.335	0.041
0.741	0.028	0.186	0.045
0.231	0.174	0.538	0.057
0.442	0.082	0.001	0.475
>CGTTYCGW	7-CGTTYCGW	-3.347149	-654.607517	0	T:17995.0(47.67%),B:13646.1(38.53%),P:1e-284	Tpos:249.6,Tstd:140.7,Bpos:247.9,Bstd:181.9,StrandBias:-0.0,Multiplicity:1.53
0.001	0.997	0.001	0.001
0.001	0.001	0.997	0.001
0.001	0.001	0.001	0.997
0.001	0.001	0.001	0.997
0.001	0.545	0.001	0.453
0.001	0.997	0.001	0.001
0.001	0.001	0.997	0.001
0.453	0.001	0.001	0.545
>ARCGVCGA	8-ARCGVCGA	4.434397	-633.279824	0	T:25417.0(67.34%),B:20702.1(58.46%),P:1e-275	Tpos:251.5,Tstd:141.1,Bpos:250.3,Bstd:173.4,StrandBias:0.0,Multiplicity:1.69
0.859	0.053	0.037	0.051
0.443	0.189	0.355	0.013
0.275	0.604	0.067	0.054
0.101	0.234	0.606	0.059
0.236	0.374	0.365	0.025
0.102	0.712	0.083	0.103
0.065	0.024	0.871	0.040
0.773	0.057	0.136	0.034
>AACGGACG	9-AACGGACG	4.738851	-625.833581	0	T:19285.0(51.09%),B:14898.4(42.07%),P:1e-271	Tpos:251.4,Tstd:140.0,Bpos:248.5,Bstd:173.9,StrandBias:-0.0,Multiplicity:1.24
0.767	0.001	0.230	0.002
0.566	0.130	0.155	0.149
0.189	0.539	0.153	0.119
0.250	0.138	0.442	0.170
0.196	0.106	0.668	0.030
0.557	0.001	0.197	0.245
0.252	0.708	0.014	0.026
0.181	0.020	0.798	0.001
>GAGAGARA	10-GAGAGARA	6.759090	-558.130510	0	T:17270.0(45.75%),B:13231.3(37.36%),P:1e-242	Tpos:249.4,Tstd:128.7,Bpos:250.1,Bstd:172.3,StrandBias:-0.0,Multiplicity:1.56
0.154	0.001	0.844	0.001
0.983	0.015	0.001	0.001
0.001	0.037	0.961	0.001
0.997	0.001	0.001	0.001
0.076	0.001	0.922	0.001
0.893	0.035	0.061	0.011
0.532	0.050	0.417	0.001
0.981	0.017	0.001	0.001
>CGGAGAAA	11-CGGAGAAA	5.150067	-531.654375	0	T:20110.0(53.28%),B:15912.8(44.93%),P:1e-230	Tpos:250.5,Tstd:139.1,Bpos:254.3,Bstd:169.1,StrandBias:-0.0,Multiplicity:1.25
0.001	0.997	0.001	0.001
0.089	0.053	0.857	0.001
0.179	0.219	0.601	0.001
0.776	0.152	0.071	0.001
0.074	0.260	0.642	0.024
0.773	0.068	0.049	0.110
0.526	0.001	0.357	0.116
0.997	0.001	0.001	0.001
>GGGGGGAG	12-GGGGGGAG	5.831995	-530.394255	0	T:17157.0(45.45%),B:13202.9(37.28%),P:1e-230	Tpos:249.6,Tstd:150.5,Bpos:242.8,Bstd:169.5,StrandBias:-0.0,Multiplicity:1.71
0.160	0.199	0.640	0.001
0.001	0.200	0.753	0.046
0.100	0.001	0.766	0.133
0.167	0.282	0.550	0.001
0.001	0.393	0.605	0.001
0.251	0.055	0.646	0.048
0.502	0.001	0.282	0.215
0.358	0.040	0.601	0.001
>CGCGTTTG	13-CGCGTTTG	4.775211	-510.597929	0	T:22294.0(59.06%),B:18025.5(50.90%),P:1e-221	Tpos:249.0,Tstd:141.0,Bpos:249.5,Bstd:162.8,StrandBias:-0.0,Multiplicity:1.31
0.100	0.679	0.094	0.127
0.098	0.057	0.767	0.078
0.083	0.665	0.091	0.161
0.115	0.115	0.697	0.073
0.065	0.039	0.070	0.826
0.042	0.055	0.053	0.850
0.062	0.049	0.031	0.858
0.101	0.127	0.661	0.111
>TTGTTTCG	14-TTGTTTCG	4.955208	-499.690661	0	T:20930.0(55.45%),B:16769.8(47.35%),P:1e-217	Tpos:249.9,Tstd:142.3,Bpos:251.0,Bstd:163.1,StrandBias:-0.0,Multiplicity:1.31
0.029	0.080	0.117	0.774
0.153	0.097	0.093	0.657
0.089	0.076	0.755	0.080
0.069	0.098	0.106	0.727
0.049	0.082	0.064	0.805
0.050	0.041	0.091	0.818
0.066	0.760	0.060	0.114
0.105	0.074	0.706	0.115
>ACACAMAC	15-ACACAMAC	6.392911	-480.217241	0	T:13198.0(34.96%),B:9805.1(27.69%),P:1e-208	Tpos:250.1,Tstd:129.6,Bpos:252.2,Bstd:161.1,StrandBias:0.0,Multiplicity:1.69
0.798	0.033	0.062	0.107
0.104	0.888	0.001	0.007
0.613	0.193	0.176	0.018
0.028	0.642	0.315	0.015
0.741	0.001	0.135	0.123
0.527	0.410	0.047	0.016
0.875	0.001	0.123	0.001
0.055	0.875	0.024	0.046
>TTTCTGCT	16-TTTCTGCT	6.469302	-435.248726	0	T:15000.0(39.74%),B:11523.4(32.54%),P:1e-189	Tpos:250.8,Tstd:140.0,Bpos:250.2,Bstd:156.9,StrandBias:-0.0,Multiplicity:1.17
0.086	0.158	0.001	0.755
0.001	0.001	0.056	0.942
0.018	0.057	0.103	0.822
0.025	0.816	0.105	0.054
0.001	0.001	0.001	0.997
0.001	0.001	0.997	0.001
0.001	0.869	0.087	0.043
0.019	0.093	0.001	0.887
>ACGSCGRA	17-ACGSCGRA	3.693226	-340.979809	0	T:22059.0(58.44%),B:18338.3(51.78%),P:1e-148	Tpos:251.9,Tstd:142.7,Bpos:249.8,Bstd:179.4,StrandBias:-0.0,Multiplicity:1.46
0.563	0.001	0.152	0.284
0.001	0.780	0.001	0.218
0.197	0.269	0.533	0.001
0.095	0.512	0.392	0.001
0.041	0.957	0.001	0.001
0.001	0.001	0.997	0.001
0.469	0.001	0.427	0.103
0.573	0.001	0.044	0.382
>HATCYGCA	18-HATCYGCA	4.524675	-331.436213	0	T:17986.0(47.65%),B:14564.5(41.13%),P:1e-143	Tpos:251.2,Tstd:141.2,Bpos:250.0,Bstd:154.4,StrandBias:0.1,Multiplicity:1.30
0.245	0.335	0.165	0.255
0.508	0.310	0.003	0.179
0.012	0.295	0.247	0.445
0.028	0.536	0.125	0.311
0.021	0.366	0.182	0.431
0.143	0.223	0.633	0.001
0.213	0.646	0.140	0.001
0.478	0.170	0.028	0.324
>RACAGCTG	19-RACAGCTG	6.917453	-269.709991	0	T:12372.0(32.78%),B:9698.0(27.38%),P:1e-117	Tpos:249.8,Tstd:140.8,Bpos:247.7,Bstd:152.3,StrandBias:-0.0,Multiplicity:1.24
0.407	0.075	0.517	0.001
0.963	0.001	0.001	0.035
0.022	0.866	0.111	0.001
0.759	0.056	0.001	0.184
0.001	0.109	0.772	0.118
0.058	0.739	0.202	0.001
0.227	0.001	0.001	0.771
0.001	0.035	0.963	0.001
>TGACTCAG	20-TGACTCAG	8.398968	-256.705794	0	T:3648.0(9.66%),B:2339.2(6.61%),P:1e-111	Tpos:248.4,Tstd:141.8,Bpos:245.6,Bstd:149.7,StrandBias:0.0,Multiplicity:1.08
0.001	0.001	0.001	0.997
0.001	0.001	0.997	0.001
0.997	0.001	0.001	0.001
0.121	0.640	0.238	0.001
0.001	0.001	0.001	0.997
0.001	0.997	0.001	0.001
0.997	0.001	0.001	0.001
0.001	0.001	0.708	0.290
>TCACACAC	21-TCACACAC	5.082531	-237.352902	0	T:20902.0(55.37%),B:17642.2(49.82%),P:1e-103	Tpos:248.0,Tstd:137.6,Bpos:248.7,Bstd:154.2,StrandBias:0.0,Multiplicity:1.41
0.170	0.056	0.087	0.687
0.052	0.770	0.110	0.068
0.770	0.040	0.133	0.057
0.101	0.687	0.100	0.112
0.740	0.058	0.035	0.167
0.062	0.838	0.047	0.053
0.735	0.074	0.109	0.082
0.081	0.774	0.063	0.082
>TAACCRCA	22-TAACCRCA	6.624184	-200.721582	0	T:5856.0(15.51%),B:4271.4(12.06%),P:1e-87	Tpos:251.2,Tstd:141.5,Bpos:250.3,Bstd:157.3,StrandBias:0.0,Multiplicity:1.09
0.001	0.305	0.185	0.509
0.701	0.001	0.297	0.001
0.690	0.095	0.091	0.124
0.001	0.997	0.001	0.001
0.001	0.844	0.091	0.064
0.470	0.001	0.528	0.001
0.024	0.972	0.003	0.001
0.785	0.147	0.031	0.037
>GATGAAAT	23-GATGAAAT	6.013450	-195.531920	0	T:19719.0(52.24%),B:16717.0(47.20%),P:1e-84	Tpos:249.1,Tstd:139.5,Bpos:251.3,Bstd:157.1,StrandBias:-0.0,Multiplicity:1.27
0.123	0.206	0.670	0.001
0.850	0.123	0.001	0.026
0.001	0.129	0.206	0.664
0.001	0.025	0.973	0.001
0.731	0.001	0.267	0.001
0.706	0.147	0.118	0.029
0.809	0.001	0.147	0.043
0.243	0.003	0.146	0.608
>TCAWCACC	24-TCAWCACC	6.290766	-109.561605	0	T:12822.0(33.97%),B:10795.6(30.48%),P:1e-47	Tpos:251.4,Tstd:138.6,Bpos:249.4,Bstd:152.2,StrandBias:0.0,Multiplicity:1.26
0.139	0.153	0.001	0.707
0.001	0.849	0.001	0.149
0.997	0.001	0.001	0.001
0.324	0.215	0.001	0.460
0.280	0.698	0.001	0.021
0.724	0.001	0.183	0.092
0.001	0.617	0.001	0.381
0.001	0.946	0.001	0.052
>AATGGAAT	25-AATGGAAT	-2.743184	-94.202831	0	T:29052.0(76.97%),B:26192.2(73.96%),P:1e-40	Tpos:249.4,Tstd:141.8,Bpos:250.0,Bstd:160.1,StrandBias:0.0,Multiplicity:2.48
0.997	0.001	0.001	0.001
0.997	0.001	0.001	0.001
0.001	0.038	0.001	0.960
0.001	0.001	0.997	0.001
0.001	0.001	0.997	0.001
0.997	0.001	0.001	0.001
0.997	0.001	0.001	0.001
0.001	0.001	0.001	0.997
