>TGTGTGTGTGTG	18-TGTGTGTGTGTG	4.260203	-183.596927	0	T:20582.0(54.53%),B:17582.7(49.65%),P:1e-79
0.056	0.054	0.053	0.837
0.038	0.066	0.847	0.049
0.051	0.046	0.052	0.851
0.052	0.076	0.814	0.058
0.058	0.053	0.045	0.844
0.068	0.074	0.782	0.076
0.058	0.055	0.048	0.839
0.045	0.093	0.807	0.055
0.073	0.041	0.044	0.842
0.041	0.084	0.830	0.045
0.057	0.053	0.033	0.857
0.031	0.049	0.851	0.069
