>TTRGRATGCCGG	24-TTRGRATGCCGG,BestGuess:TEAD3/MA0808.1/Jaspar(0.606)	11.614846	-67.726864	0	T:35.0(0.09%),B:2.9(0.01%),P:1e-29
0.063	0.069	0.026	0.842
0.039	0.227	0.020	0.714
0.538	0.020	0.441	0.001
0.001	0.020	0.966	0.013
0.395	0.095	0.470	0.039
0.885	0.063	0.045	0.007
0.251	0.063	0.117	0.569
0.075	0.020	0.866	0.039
0.201	0.728	0.026	0.045
0.006	0.966	0.027	0.001
0.038	0.014	0.666	0.282
0.019	0.114	0.634	0.233
