>CCGGCATYCYAA	24-TTRGRATGCCGG	11.614846	-67.726864	0	T:35.0(0.09%),B:2.9(0.01%),P:1e-29
0.233	0.634	0.114	0.019
0.282	0.666	0.014	0.038
0.001	0.027	0.966	0.006
0.045	0.026	0.728	0.201
0.039	0.866	0.020	0.075
0.569	0.117	0.063	0.251
0.007	0.045	0.063	0.885
0.039	0.470	0.095	0.395
0.013	0.966	0.020	0.001
0.001	0.441	0.020	0.538
0.714	0.020	0.227	0.039
0.842	0.026	0.069	0.063
