>GAATGGAATGGA	22-GAATGGAATGGA	12.235972	-111.807328	0	T:149.0(0.39%),B:31.5(0.09%),P:1e-48
0.016	0.015	0.932	0.037
0.953	0.014	0.027	0.006
0.828	0.031	0.100	0.041
0.031	0.054	0.030	0.885
0.083	0.155	0.691	0.071
0.036	0.034	0.880	0.050
0.951	0.011	0.026	0.012
0.844	0.059	0.074	0.023
0.028	0.032	0.038	0.902
0.070	0.054	0.816	0.060
0.030	0.025	0.913	0.032
0.943	0.026	0.020	0.011
