>VNGAAMGKGAMK	4-MKTCMCKTTCNB	4.430095	-889.847855	0	T:25422.0(67.35%),B:20103.5(56.77%),P:1e-386
0.235	0.252	0.333	0.180
0.195	0.280	0.224	0.301
0.078	0.133	0.630	0.159
0.545	0.144	0.107	0.204
0.543	0.083	0.149	0.225
0.465	0.346	0.078	0.111
0.068	0.268	0.601	0.063
0.001	0.001	0.554	0.444
0.134	0.174	0.447	0.245
0.630	0.149	0.078	0.143
0.241	0.382	0.195	0.182
0.191	0.190	0.382	0.236
