>AGKTGTGMCYTT	12-AARGKCACAMCT	11.649174	-248.488891	0	T:89.0(0.24%),B:2.5(0.01%),P:1e-107
0.918	0.046	0.024	0.012
0.012	0.338	0.635	0.015
0.003	0.003	0.553	0.441
0.031	0.061	0.088	0.820
0.034	0.006	0.699	0.261
0.220	0.019	0.018	0.743
0.227	0.015	0.700	0.058
0.457	0.471	0.006	0.066
0.040	0.767	0.042	0.151
0.018	0.446	0.043	0.493
0.106	0.132	0.046	0.716
0.160	0.018	0.187	0.635
