>MKTCMCKTTCNB	4-MKTCMCKTTCNB,BestGuess:PRDM1/MA0508.1/Jaspar(0.655)	4.430095	-889.847855	0	T:25422.0(67.35%),B:20103.5(56.77%),P:1e-386
0.236	0.382	0.190	0.191
0.182	0.195	0.382	0.241
0.143	0.078	0.149	0.630
0.245	0.447	0.174	0.134
0.444	0.554	0.001	0.001
0.063	0.601	0.268	0.068
0.111	0.078	0.346	0.465
0.225	0.149	0.083	0.543
0.204	0.107	0.144	0.545
0.159	0.630	0.133	0.078
0.301	0.224	0.280	0.195
0.180	0.333	0.252	0.235
