>ATGGAATGGAAT	19-ATGGAATGGAAT	11.148189	-144.531357	0	T:167.0(0.44%),B:30.2(0.09%),P:1e-62
0.581	0.049	0.287	0.083
0.028	0.057	0.118	0.797
0.081	0.114	0.674	0.131
0.262	0.094	0.596	0.048
0.812	0.069	0.056	0.063
0.672	0.065	0.211	0.052
0.038	0.049	0.026	0.887
0.099	0.066	0.716	0.119
0.201	0.138	0.602	0.059
0.846	0.060	0.053	0.041
0.708	0.078	0.154	0.060
0.119	0.043	0.018	0.820
