>TCCATTCCATTC	6-GAATGGAATGGA	14.363193	-39.545257	0	T:18.0(0.20%),B:5.0(0.01%),P:1e-17
0.030	0.028	0.020	0.922
0.061	0.825	0.024	0.090
0.038	0.752	0.168	0.042
0.915	0.030	0.038	0.017
0.070	0.147	0.121	0.662
0.021	0.063	0.014	0.902
0.054	0.886	0.028	0.032
0.042	0.797	0.104	0.057
0.941	0.011	0.031	0.017
0.026	0.227	0.110	0.637
0.041	0.074	0.025	0.860
0.051	0.906	0.018	0.025
