>CTCTTCCTTCTC	1-CTCTTCCTTCTC,BestGuess:EHF(ETS)/LoVo-EHF-ChIP-Seq(GSE49402)/Homer(0.693)	7.486306	-149.002217	0	T:3195.0(35.77%),B:11163.0(27.49%),P:1e-64
0.103	0.745	0.063	0.089
0.127	0.097	0.001	0.775
0.083	0.686	0.117	0.114
0.099	0.106	0.001	0.794
0.016	0.074	0.114	0.796
0.092	0.720	0.088	0.100
0.126	0.799	0.001	0.074
0.008	0.140	0.001	0.851
0.097	0.106	0.120	0.677
0.116	0.666	0.105	0.113
0.116	0.130	0.001	0.753
0.024	0.757	0.108	0.111
