>GTRTGCATCTTG	18-CAAGATGCAYAC	11.393052	-14.161843	0	T:11.0(0.12%),B:7.3(0.02%),P:1e-6
0.067	0.066	0.796	0.071
0.034	0.012	0.023	0.931
0.409	0.022	0.536	0.033
0.060	0.168	0.066	0.706
0.316	0.067	0.561	0.056
0.045	0.832	0.089	0.034
0.646	0.012	0.152	0.190
0.071	0.169	0.071	0.689
0.067	0.625	0.275	0.033
0.089	0.067	0.055	0.789
0.288	0.130	0.056	0.526
0.022	0.130	0.814	0.034
