>DNGCGTGCTCNN	22-DNGCGTGCTCNN	7.440990	-9.410644	0	T:4.0(0.04%),B:1.3(0.00%),P:1e-4
0.219	0.195	0.224	0.361
0.301	0.262	0.213	0.224
0.146	0.122	0.586	0.146
0.085	0.735	0.090	0.090
0.067	0.041	0.813	0.079
0.117	0.236	0.111	0.536
0.128	0.178	0.577	0.117
0.125	0.584	0.166	0.125
0.163	0.111	0.227	0.499
0.213	0.478	0.157	0.152
0.283	0.213	0.285	0.219
0.219	0.312	0.219	0.251
