>GTGTCTCTGTGT	19-ACACAGAGACAC	11.153506	-12.952119	0	T:91.0(1.02%),B:245.5(0.60%),P:1e-5
0.081	0.094	0.726	0.099
0.083	0.037	0.076	0.804
0.084	0.088	0.746	0.082
0.075	0.093	0.084	0.748
0.098	0.665	0.134	0.103
0.094	0.082	0.037	0.787
0.087	0.686	0.127	0.100
0.095	0.062	0.025	0.818
0.074	0.093	0.750	0.083
0.092	0.044	0.077	0.787
0.089	0.095	0.718	0.098
0.070	0.093	0.085	0.752
