>TCCATCACTGNN	25-TCCATCACTGNN,BestGuess:PB0195.1_Zbtb3_2/Jaspar(0.696)	7.882631	-4.145318	0	T:6.0(0.07%),B:9.3(0.02%),P:1e-1
0.190	0.223	0.186	0.401
0.226	0.413	0.150	0.210
0.089	0.584	0.222	0.105
0.588	0.089	0.222	0.101
0.081	0.158	0.125	0.636
0.142	0.607	0.146	0.105
0.523	0.081	0.327	0.069
0.138	0.587	0.162	0.113
0.093	0.214	0.238	0.454
0.162	0.126	0.623	0.089
0.239	0.259	0.235	0.268
0.207	0.320	0.263	0.211
