>ATGGAATGGAAT	7-ATGGAATGGAAT	13.144507	-37.814098	0	T:23.0(0.26%),B:9.7(0.02%),P:1e-16
0.640	0.045	0.279	0.036
0.095	0.025	0.001	0.879
0.051	0.104	0.769	0.076
0.069	0.018	0.876	0.037
0.985	0.013	0.001	0.001
0.677	0.017	0.281	0.025
0.012	0.041	0.008	0.939
0.085	0.081	0.795	0.039
0.089	0.038	0.792	0.081
0.957	0.001	0.041	0.001
0.604	0.130	0.242	0.024
0.037	0.061	0.052	0.850
