>ACGCACAAGCAC	9-ACGCACAAGCAC	8.767271	-33.247337	0	T:358.0(4.01%),B:1053.8(2.60%),P:1e-14
0.796	0.068	0.073	0.063
0.141	0.637	0.095	0.127
0.210	0.101	0.550	0.139
0.072	0.792	0.069	0.067
0.846	0.063	0.026	0.065
0.083	0.770	0.092	0.055
0.839	0.076	0.040	0.045
0.680	0.102	0.093	0.125
0.115	0.076	0.731	0.078
0.094	0.781	0.062	0.063
0.789	0.083	0.050	0.078
0.083	0.789	0.069	0.059
