>CACACAACACAC	11-CACACAACACAC,BestGuess:PB0208.1_Zscan4_2/Jaspar(0.684)	7.312050	-28.555994	0	T:1004.0(11.24%),B:3651.9(8.99%),P:1e-12
0.070	0.782	0.069	0.079
0.786	0.071	0.055	0.088
0.077	0.756	0.077	0.090
0.772	0.083	0.041	0.104
0.113	0.733	0.075	0.079
0.706	0.148	0.059	0.087
0.654	0.164	0.100	0.082
0.102	0.741	0.077	0.080
0.777	0.091	0.056	0.076
0.073	0.757	0.075	0.095
0.789	0.076	0.054	0.081
0.078	0.748	0.074	0.100
