>NTCCATCCATCH	5-NTCCATCCATCH	4.976245	-41.454885	0	T:5532.0(61.93%),B:23293.9(57.37%),P:1e-18
0.298	0.246	0.202	0.255
0.121	0.131	0.109	0.639
0.124	0.616	0.124	0.136
0.144	0.662	0.060	0.134
0.648	0.144	0.062	0.146
0.117	0.125	0.118	0.640
0.125	0.607	0.129	0.139
0.138	0.668	0.061	0.133
0.646	0.139	0.068	0.147
0.120	0.129	0.115	0.636
0.129	0.596	0.133	0.142
0.255	0.344	0.128	0.273
