>CCATCCATCCAT	8-CCATCCATCCAT	6.891222	-37.529106	0	T:2126.0(23.80%),B:8200.8(20.20%),P:1e-16
0.065	0.764	0.072	0.099
0.097	0.758	0.030	0.115
0.729	0.092	0.057	0.122
0.083	0.100	0.072	0.745
0.071	0.749	0.080	0.100
0.084	0.776	0.028	0.112
0.755	0.091	0.054	0.100
0.082	0.104	0.070	0.744
0.078	0.730	0.081	0.111
0.084	0.778	0.028	0.110
0.756	0.085	0.059	0.100
0.085	0.119	0.081	0.715
