>GAGAAGGAAGAG	1-CTCTTCCTTCTC	7.486306	-149.002217	0	T:3195.0(35.77%),B:11163.0(27.49%),P:1e-64
0.111	0.108	0.757	0.024
0.753	0.001	0.130	0.116
0.113	0.105	0.666	0.116
0.677	0.120	0.106	0.097
0.851	0.001	0.140	0.008
0.074	0.001	0.799	0.126
0.100	0.088	0.720	0.092
0.796	0.114	0.074	0.016
0.794	0.001	0.106	0.099
0.114	0.117	0.686	0.083
0.775	0.001	0.097	0.127
0.089	0.063	0.745	0.103
