>GGAATAGTGTGA	14-GGAATAGTGTGA,BestGuess:Srebp1a(bHLH)/HepG2-Srebp1a-ChIP-Seq(GSE31477)/Homer(0.685)	11.368366	-19.899476	0	T:25.0(0.28%),B:26.5(0.07%),P:1e-8
0.008	0.103	0.815	0.074
0.202	0.104	0.664	0.030
0.728	0.051	0.088	0.133
0.690	0.030	0.250	0.030
0.015	0.086	0.015	0.884
0.849	0.030	0.106	0.015
0.059	0.059	0.823	0.059
0.225	0.074	0.015	0.686
0.030	0.079	0.847	0.044
0.044	0.045	0.074	0.837
0.060	0.059	0.851	0.030
0.763	0.059	0.030	0.148
