>GAGAGAGACAGA	4-GAGAGAGACAGA	7.236419	-52.493946	0	T:2088.0(23.37%),B:7768.4(19.13%),P:1e-22
0.092	0.093	0.736	0.079
0.774	0.040	0.091	0.095
0.081	0.095	0.740	0.084
0.789	0.038	0.094	0.079
0.095	0.099	0.725	0.081
0.781	0.048	0.079	0.092
0.110	0.086	0.725	0.079
0.756	0.071	0.098	0.075
0.108	0.674	0.133	0.085
0.815	0.038	0.066	0.081
0.093	0.090	0.740	0.077
0.745	0.075	0.095	0.085
