>TTTCCTCTCTCH	2-TTTCCTCTCTCH	7.021112	-105.472600	0	T:3124.0(34.97%),B:11382.4(28.03%),P:1e-45
0.072	0.315	0.074	0.539
0.022	0.001	0.033	0.944
0.031	0.016	0.026	0.927
0.007	0.972	0.008	0.013
0.070	0.894	0.001	0.035
0.012	0.038	0.001	0.949
0.034	0.760	0.055	0.151
0.033	0.062	0.001	0.904
0.001	0.982	0.004	0.013
0.111	0.032	0.001	0.856
0.027	0.835	0.048	0.090
0.271	0.293	0.016	0.421
