>CAYCATCATCAY	13-RTGATGATGRTG	12.485452	-26.671666	0	T:34.0(0.38%),B:35.7(0.09%),P:1e-11
0.001	0.759	0.001	0.239
0.839	0.001	0.110	0.050
0.024	0.464	0.022	0.490
0.001	0.819	0.001	0.179
0.819	0.012	0.081	0.088
0.045	0.367	0.032	0.556
0.001	0.853	0.001	0.145
0.951	0.001	0.001	0.047
0.034	0.375	0.036	0.555
0.001	0.769	0.001	0.229
0.836	0.001	0.087	0.076
0.025	0.468	0.044	0.462
