>GATGRTGRTGRT	15-GATGRTGRTGRT	8.475433	-18.498631	0	T:580.0(6.49%),B:2081.8(5.13%),P:1e-8
0.208	0.014	0.742	0.036
0.551	0.032	0.388	0.029
0.061	0.065	0.022	0.852
0.238	0.008	0.718	0.036
0.536	0.033	0.407	0.024
0.071	0.043	0.003	0.883
0.147	0.021	0.831	0.001
0.549	0.017	0.411	0.023
0.086	0.082	0.024	0.808
0.225	0.001	0.763	0.011
0.500	0.014	0.485	0.001
0.044	0.066	0.008	0.882
