>TGCGCTSCTCTC	10-TGCGCTSCTCTC	9.018813	-30.630880	0	T:102.0(1.14%),B:200.7(0.49%),P:1e-13
0.227	0.092	0.109	0.572
0.134	0.099	0.753	0.014
0.028	0.871	0.011	0.090
0.211	0.014	0.742	0.033
0.066	0.751	0.150	0.033
0.094	0.001	0.075	0.830
0.052	0.501	0.367	0.080
0.263	0.513	0.014	0.210
0.071	0.123	0.019	0.787
0.033	0.738	0.158	0.071
0.128	0.340	0.028	0.504
0.071	0.562	0.095	0.272
