>GAATGGAATSGA	16-GAATGGAATSGA	9.687134	-17.759336	0	T:164.0(1.84%),B:470.3(1.16%),P:1e-7
0.020	0.057	0.894	0.029
0.905	0.030	0.016	0.049
0.858	0.050	0.070	0.022
0.097	0.110	0.006	0.787
0.055	0.030	0.793	0.122
0.028	0.012	0.889	0.071
0.961	0.016	0.018	0.005
0.853	0.018	0.103	0.026
0.051	0.022	0.011	0.916
0.064	0.393	0.486	0.058
0.168	0.012	0.788	0.032
0.967	0.016	0.001	0.016
