>CAAGATGCAYAC	18-CAAGATGCAYAC,BestGuess:PB0044.1_Mtf1_1/Jaspar(0.630)	11.393052	-14.161843	0	T:11.0(0.12%),B:7.3(0.02%),P:1e-6
0.034	0.814	0.130	0.022
0.526	0.056	0.130	0.288
0.789	0.055	0.067	0.089
0.033	0.275	0.625	0.067
0.689	0.071	0.169	0.071
0.190	0.152	0.012	0.646
0.034	0.089	0.832	0.045
0.056	0.561	0.067	0.316
0.706	0.066	0.168	0.060
0.033	0.536	0.022	0.409
0.931	0.023	0.012	0.034
0.071	0.796	0.066	0.067
