>RCCGGAAR	1-RCCGGAAR	5.833173	-206.770699	0	T:3152.0(64.63%),B:22032.7(50.31%),P:1e-89	Tpos:250.1,Tstd:133.9,Bpos:248.3,Bstd:159.3,StrandBias:-0.0,Multiplicity:1.64
0.505	0.038	0.456	0.001
0.176	0.551	0.246	0.027
0.280	0.490	0.229	0.001
0.001	0.019	0.979	0.001
0.258	0.043	0.679	0.020
0.791	0.124	0.069	0.016
0.787	0.107	0.105	0.001
0.411	0.040	0.520	0.029
>AAACCGAA	2-AAACCGAA	6.155416	-131.299947	0	T:1982.0(40.64%),B:13077.3(29.86%),P:1e-57	Tpos:249.1,Tstd:144.4,Bpos:251.7,Bstd:155.5,StrandBias:-0.1,Multiplicity:1.34
0.932	0.019	0.021	0.028
0.965	0.022	0.012	0.001
0.965	0.001	0.013	0.021
0.085	0.800	0.090	0.025
0.075	0.675	0.061	0.189
0.117	0.039	0.812	0.032
0.941	0.028	0.030	0.001
0.985	0.013	0.001	0.001
>CGGAAACG	3-CGGAAACG	5.141740	-114.688946	0	T:2022.0(41.46%),B:13712.9(31.31%),P:1e-49	Tpos:253.0,Tstd:141.5,Bpos:250.4,Bstd:161.0,StrandBias:0.0,Multiplicity:1.29
0.044	0.819	0.106	0.031
0.036	0.069	0.706	0.189
0.083	0.133	0.765	0.019
0.750	0.082	0.111	0.057
0.884	0.019	0.052	0.045
0.707	0.102	0.129	0.062
0.082	0.690	0.085	0.143
0.074	0.109	0.680	0.137
>TGAAACGA	4-TGAAACGA	5.359045	-111.302350	0	T:3115.0(63.87%),B:23416.2(53.47%),P:1e-48	Tpos:244.9,Tstd:140.4,Bpos:250.3,Bstd:157.1,StrandBias:-0.2,Multiplicity:1.37
0.092	0.105	0.253	0.550
0.048	0.001	0.869	0.082
0.825	0.001	0.078	0.096
0.963	0.035	0.001	0.001
0.870	0.024	0.105	0.001
0.091	0.637	0.171	0.101
0.134	0.125	0.604	0.137
0.680	0.090	0.115	0.115
>TGAGTCAK	5-TGAGTCAK	6.725994	-92.251725	0	T:692.0(14.19%),B:3686.2(8.42%),P:1e-40	Tpos:248.3,Tstd:134.5,Bpos:248.6,Bstd:150.9,StrandBias:-0.0,Multiplicity:1.12
0.101	0.051	0.078	0.770
0.046	0.062	0.793	0.099
0.876	0.068	0.008	0.048
0.022	0.327	0.607	0.044
0.031	0.028	0.032	0.909
0.057	0.773	0.114	0.056
0.808	0.099	0.082	0.011
0.041	0.114	0.377	0.468
>GGAGAGAA	6-GGAGAGAA	6.330969	-88.272309	0	T:2534.0(51.96%),B:18686.1(42.67%),P:1e-38	Tpos:249.7,Tstd:134.5,Bpos:251.4,Bstd:158.8,StrandBias:-0.0,Multiplicity:1.33
0.029	0.001	0.969	0.001
0.150	0.101	0.748	0.001
0.832	0.001	0.089	0.078
0.049	0.001	0.949	0.001
0.889	0.049	0.061	0.001
0.001	0.037	0.961	0.001
0.883	0.115	0.001	0.001
0.848	0.001	0.052	0.099
>TGCTTGCT	7-TGCTTGCT	5.533588	-84.498498	0	T:2889.0(59.24%),B:21958.6(50.14%),P:1e-36	Tpos:247.1,Tstd:138.5,Bpos:249.2,Bstd:156.3,StrandBias:0.1,Multiplicity:1.47
0.024	0.090	0.066	0.820
0.060	0.110	0.756	0.074
0.053	0.765	0.116	0.066
0.065	0.093	0.085	0.757
0.061	0.107	0.099	0.733
0.135	0.080	0.579	0.206
0.018	0.838	0.078	0.066
0.085	0.090	0.068	0.757
>ACCTGCTC	8-ACCTGCTC	5.780350	-81.961787	0	T:2133.0(43.74%),B:15341.4(35.03%),P:1e-35	Tpos:249.3,Tstd:135.8,Bpos:252.1,Bstd:155.1,StrandBias:0.0,Multiplicity:1.30
0.890	0.001	0.037	0.072
0.058	0.873	0.068	0.001
0.090	0.879	0.030	0.001
0.035	0.001	0.001	0.963
0.001	0.129	0.793	0.077
0.001	0.966	0.001	0.032
0.025	0.068	0.027	0.880
0.049	0.847	0.061	0.043
>TGMAACTG	9-TGMAACTG	5.699977	-73.708469	0	T:3016.0(61.84%),B:23392.1(53.41%),P:1e-32	Tpos:249.0,Tstd:142.1,Bpos:251.6,Bstd:156.3,StrandBias:-0.1,Multiplicity:1.38
0.167	0.077	0.151	0.605
0.280	0.001	0.718	0.001
0.482	0.446	0.001	0.071
0.815	0.161	0.013	0.011
0.512	0.007	0.203	0.278
0.214	0.417	0.265	0.105
0.310	0.121	0.008	0.561
0.031	0.001	0.957	0.011
>GTGGTTAD	10-GTGGTTAD	6.428671	-71.436290	0	T:2065.0(42.34%),B:15011.6(34.28%),P:1e-31	Tpos:252.8,Tstd:144.4,Bpos:249.5,Bstd:151.1,StrandBias:0.1,Multiplicity:1.23
0.065	0.005	0.583	0.347
0.001	0.001	0.001	0.997
0.001	0.001	0.997	0.001
0.223	0.001	0.773	0.003
0.001	0.001	0.001	0.997
0.179	0.058	0.001	0.762
0.502	0.001	0.335	0.162
0.322	0.001	0.389	0.288
>TCWGACCG	11-TCWGACCG	5.354437	-61.122318	0	T:1730.0(35.47%),B:12423.7(28.37%),P:1e-26	Tpos:250.5,Tstd:142.1,Bpos:249.3,Bstd:158.3,StrandBias:0.1,Multiplicity:1.22
0.001	0.001	0.198	0.800
0.008	0.712	0.142	0.138
0.219	0.199	0.215	0.367
0.400	0.001	0.598	0.001
0.867	0.001	0.131	0.001
0.164	0.580	0.183	0.073
0.044	0.954	0.001	0.001
0.174	0.001	0.730	0.095
>CTGCTGCT	12-CTGCTGCT	5.769531	-58.415280	0	T:2532.0(51.92%),B:19448.3(44.41%),P:1e-25	Tpos:249.7,Tstd:140.5,Bpos:249.6,Bstd:156.1,StrandBias:-0.0,Multiplicity:1.32
0.001	0.766	0.072	0.161
0.001	0.001	0.068	0.930
0.050	0.001	0.799	0.150
0.017	0.910	0.001	0.072
0.037	0.001	0.001	0.961
0.024	0.042	0.887	0.047
0.060	0.909	0.001	0.030
0.001	0.001	0.015	0.983
>TCTGTCAG	13-TCTGTCAG	7.250907	-53.892440	0	T:1454.0(29.81%),B:10301.5(23.52%),P:1e-23	Tpos:255.5,Tstd:138.1,Bpos:251.7,Bstd:154.8,StrandBias:0.0,Multiplicity:1.15
0.151	0.198	0.199	0.452
0.002	0.861	0.055	0.082
0.303	0.001	0.019	0.677
0.001	0.001	0.669	0.329
0.114	0.005	0.052	0.829
0.001	0.961	0.001	0.037
0.935	0.021	0.006	0.038
0.001	0.001	0.997	0.001
>AMAAMCCG	14-AMAAMCCG	5.110055	-50.931110	0	T:1991.0(40.82%),B:14930.1(34.09%),P:1e-22	Tpos:247.9,Tstd:144.3,Bpos:250.5,Bstd:159.1,StrandBias:0.0,Multiplicity:1.22
0.588	0.040	0.336	0.036
0.460	0.432	0.076	0.032
0.711	0.165	0.053	0.071
0.830	0.001	0.049	0.120
0.378	0.492	0.069	0.061
0.070	0.795	0.057	0.078
0.001	0.659	0.076	0.264
0.061	0.028	0.857	0.054
>GAGAGAGA	15-GAGAGAGA	7.023653	-45.325407	0	T:1549.0(31.76%),B:11327.9(25.87%),P:1e-19	Tpos:256.8,Tstd:127.3,Bpos:246.1,Bstd:166.7,StrandBias:0.0,Multiplicity:1.47
0.001	0.001	0.997	0.001
0.960	0.001	0.001	0.038
0.133	0.001	0.865	0.001
0.997	0.001	0.001	0.001
0.094	0.001	0.904	0.001
0.929	0.027	0.001	0.043
0.100	0.046	0.853	0.001
0.997	0.001	0.001	0.001
>ATTWGCRC	16-ATTWGCRC	5.781497	-35.401828	0	T:1460.0(29.94%),B:10880.3(24.84%),P:1e-15	Tpos:257.8,Tstd:148.7,Bpos:250.3,Bstd:153.0,StrandBias:0.0,Multiplicity:1.16
0.716	0.082	0.116	0.086
0.289	0.001	0.001	0.709
0.001	0.001	0.001	0.997
0.406	0.197	0.001	0.396
0.001	0.001	0.997	0.001
0.001	0.997	0.001	0.001
0.517	0.001	0.481	0.001
0.338	0.596	0.001	0.065
>RCGCGMCG	17-RCGCGMCG	5.540030	-34.981602	0	T:755.0(15.48%),B:5098.9(11.64%),P:1e-15	Tpos:253.8,Tstd:148.7,Bpos:248.4,Bstd:174.4,StrandBias:-0.1,Multiplicity:1.79
0.360	0.187	0.452	0.001
0.254	0.744	0.001	0.001
0.001	0.001	0.997	0.001
0.258	0.510	0.175	0.057
0.001	0.001	0.997	0.001
0.428	0.312	0.239	0.022
0.283	0.475	0.241	0.001
0.234	0.221	0.493	0.052
>ACGTCACC	18-ACGTCACC	6.098373	-34.581338	0	T:969.0(19.87%),B:6828.1(15.59%),P:1e-15	Tpos:243.7,Tstd:138.9,Bpos:248.4,Bstd:155.5,StrandBias:-0.2,Multiplicity:1.15
0.973	0.001	0.025	0.001
0.102	0.861	0.001	0.036
0.179	0.068	0.752	0.001
0.033	0.001	0.001	0.965
0.084	0.852	0.047	0.017
0.968	0.030	0.001	0.001
0.041	0.854	0.104	0.001
0.051	0.795	0.095	0.059
>ACGCCGAC	19-ACGCCGAC	5.161863	-34.033418	0	T:1001.0(20.52%),B:7104.4(16.22%),P:1e-14	Tpos:254.1,Tstd:143.3,Bpos:253.9,Bstd:166.6,StrandBias:0.1,Multiplicity:1.31
0.671	0.134	0.106	0.089
0.055	0.777	0.049	0.119
0.075	0.121	0.735	0.069
0.069	0.798	0.059	0.074
0.090	0.683	0.091	0.136
0.084	0.018	0.861	0.037
0.676	0.171	0.112	0.041
0.073	0.803	0.070	0.054
>TTCCGCGG	20-TTCCGCGG	4.921823	-30.524036	0	T:1154.0(23.66%),B:8471.6(19.34%),P:1e-13	Tpos:249.7,Tstd:145.1,Bpos:250.4,Bstd:166.0,StrandBias:-0.1,Multiplicity:1.39
0.007	0.366	0.011	0.616
0.237	0.268	0.001	0.495
0.039	0.468	0.224	0.269
0.176	0.479	0.233	0.112
0.001	0.271	0.727	0.001
0.005	0.993	0.001	0.001
0.123	0.188	0.688	0.001
0.216	0.211	0.459	0.113
>GAATGGAA	21-GAATGGAA	7.146293	-18.849676	0	T:658.0(13.49%),B:4759.2(10.87%),P:1e-8	Tpos:254.7,Tstd:141.9,Bpos:245.9,Bstd:158.5,StrandBias:0.1,Multiplicity:1.49
0.001	0.001	0.934	0.064
0.997	0.001	0.001	0.001
0.997	0.001	0.001	0.001
0.277	0.180	0.001	0.542
0.001	0.076	0.922	0.001
0.001	0.001	0.997	0.001
0.997	0.001	0.001	0.001
0.997	0.001	0.001	0.001
>CAATCGCG	22-CAATCGCG	8.236954	-17.853806	0	T:18.0(0.37%),B:30.4(0.07%),P:1e-7	Tpos:216.0,Tstd:153.4,Bpos:308.1,Bstd:176.4,StrandBias:-1.0,Multiplicity:1.06
0.100	0.700	0.100	0.100
0.700	0.100	0.100	0.100
0.700	0.100	0.100	0.100
0.100	0.100	0.100	0.700
0.100	0.700	0.100	0.100
0.100	0.100	0.700	0.100
0.100	0.700	0.100	0.100
0.100	0.100	0.700	0.100
>CATCCATC	23-CATCCATC	3.859798	-12.348812	0	T:1218.0(24.97%),B:9757.9(22.28%),P:1e-5	Tpos:251.9,Tstd:138.3,Bpos:250.2,Bstd:152.3,StrandBias:0.3,Multiplicity:1.44
0.001	0.997	0.001	0.001
0.938	0.001	0.060	0.001
0.001	0.001	0.001	0.997
0.001	0.867	0.001	0.131
0.001	0.906	0.001	0.092
0.933	0.001	0.065	0.001
0.001	0.001	0.001	0.997
0.001	0.997	0.001	0.001
>GTGTGTGT	24-GTGTGTGT	4.345134	-8.708520	0	T:4710.0(96.58%),B:41842.9(95.54%),P:1e-3	Tpos:252.8,Tstd:136.5,Bpos:249.9,Bstd:167.8,StrandBias:-0.0,Multiplicity:4.11
0.100	0.100	0.700	0.100
0.100	0.100	0.100	0.700
0.100	0.100	0.700	0.100
0.100	0.100	0.100	0.700
0.100	0.100	0.700	0.100
0.100	0.100	0.100	0.700
0.100	0.100	0.700	0.100
0.100	0.100	0.100	0.700
>YGATGAYG	25-YGATGAYG	2.605001	-5.438627	0	T:2261.0(46.36%),B:19480.7(44.48%),P:1e-2	Tpos:245.7,Tstd:139.6,Bpos:250.5,Bstd:156.4,StrandBias:-0.1,Multiplicity:1.53
0.001	0.497	0.001	0.501
0.001	0.001	0.997	0.001
0.974	0.001	0.024	0.001
0.001	0.001	0.001	0.997
0.001	0.001	0.997	0.001
0.977	0.001	0.021	0.001
0.001	0.437	0.001	0.561
0.001	0.001	0.997	0.001
