>TTYCRGTTTC	1-TTYCRGTTTC	6.951735	-243.382242	0	T:886.0(18.17%),B:3635.4(8.30%),P:1e-105	Tpos:248.8,Tstd:135.7,Bpos:251.8,Bstd:163.8,StrandBias:-0.1,Multiplicity:1.22
0.085	0.110	0.086	0.719
0.098	0.225	0.023	0.654
0.087	0.310	0.211	0.392
0.047	0.543	0.085	0.325
0.229	0.195	0.378	0.198
0.057	0.265	0.508	0.170
0.108	0.018	0.039	0.835
0.086	0.217	0.024	0.673
0.077	0.199	0.025	0.699
0.114	0.508	0.132	0.246
>TTCGGTTTCG	2-TTCGGTTTCG	4.905409	-209.423634	0	T:1357.0(27.82%),B:7122.2(16.26%),P:1e-90	Tpos:251.1,Tstd:141.3,Bpos:251.3,Bstd:156.8,StrandBias:0.0,Multiplicity:1.13
0.157	0.126	0.126	0.591
0.032	0.144	0.169	0.655
0.144	0.564	0.133	0.159
0.154	0.125	0.600	0.121
0.012	0.167	0.659	0.162
0.141	0.132	0.134	0.593
0.117	0.139	0.143	0.601
0.139	0.139	0.126	0.596
0.120	0.569	0.166	0.145
0.181	0.144	0.580	0.095
>RACAGGAAGT	3-RACAGGAAGT	8.354084	-172.268166	0	T:1384.0(28.38%),B:7742.7(17.68%),P:1e-74	Tpos:251.1,Tstd:133.6,Bpos:247.7,Bstd:156.0,StrandBias:-0.1,Multiplicity:1.16
0.268	0.169	0.387	0.177
0.648	0.001	0.350	0.001
0.118	0.607	0.274	0.001
0.997	0.001	0.001	0.001
0.001	0.001	0.997	0.001
0.001	0.031	0.967	0.001
0.997	0.001	0.001	0.001
0.786	0.001	0.001	0.212
0.292	0.001	0.706	0.001
0.203	0.177	0.224	0.396
>TTTCACTTCC	4-TTTCACTTCC	6.497164	-135.619796	0	T:2653.0(54.40%),B:18745.4(42.80%),P:1e-58	Tpos:249.8,Tstd:137.4,Bpos:249.5,Bstd:157.9,StrandBias:0.1,Multiplicity:1.59
0.038	0.045	0.030	0.887
0.042	0.074	0.045	0.839
0.060	0.054	0.059	0.827
0.028	0.871	0.059	0.042
0.706	0.142	0.019	0.133
0.046	0.630	0.063	0.261
0.030	0.041	0.023	0.906
0.036	0.080	0.057	0.827
0.049	0.724	0.047	0.180
0.100	0.784	0.032	0.084
>TCCGCTCCGC	5-TCCGCTCCGC	4.901810	-99.261565	0	T:2682.0(54.99%),B:19748.9(45.09%),P:1e-43	Tpos:253.2,Tstd:136.7,Bpos:249.3,Bstd:157.4,StrandBias:-0.0,Multiplicity:1.68
0.099	0.115	0.093	0.693
0.065	0.733	0.085	0.117
0.125	0.662	0.082	0.131
0.100	0.122	0.651	0.127
0.074	0.766	0.087	0.073
0.099	0.119	0.097	0.685
0.073	0.731	0.097	0.099
0.111	0.671	0.079	0.139
0.100	0.096	0.688	0.116
0.079	0.722	0.099	0.100
>GAGAGGDRAG	6-GAGAGGDRAG	5.829242	-87.886501	0	T:2675.0(54.85%),B:19948.4(45.55%),P:1e-38	Tpos:247.4,Tstd:134.8,Bpos:250.8,Bstd:156.4,StrandBias:-0.1,Multiplicity:1.38
0.180	0.090	0.660	0.070
0.735	0.049	0.161	0.055
0.062	0.126	0.691	0.121
0.622	0.058	0.152	0.168
0.165	0.072	0.640	0.123
0.161	0.146	0.629	0.064
0.271	0.048	0.297	0.383
0.376	0.218	0.296	0.110
0.740	0.058	0.147	0.055
0.079	0.120	0.747	0.054
>TGASTCABYN	7-TGASTCABYN	7.741226	-78.809471	0	T:818.0(16.77%),B:4777.7(10.91%),P:1e-34	Tpos:244.6,Tstd:135.2,Bpos:249.2,Bstd:152.3,StrandBias:0.1,Multiplicity:1.21
0.001	0.019	0.001	0.979
0.161	0.238	0.586	0.015
0.956	0.001	0.001	0.042
0.054	0.493	0.384	0.069
0.001	0.001	0.001	0.997
0.001	0.767	0.231	0.001
0.997	0.001	0.001	0.001
0.087	0.309	0.245	0.359
0.158	0.434	0.001	0.407
0.333	0.222	0.228	0.216
>TTTCCGCCCC	8-TTTCCGCCCC	5.036731	-71.500959	0	T:2472.0(50.69%),B:18554.2(42.37%),P:1e-31	Tpos:249.1,Tstd:140.0,Bpos:247.8,Bstd:153.8,StrandBias:0.1,Multiplicity:1.31
0.042	0.079	0.065	0.814
0.015	0.032	0.049	0.904
0.065	0.090	0.073	0.772
0.054	0.761	0.085	0.100
0.081	0.752	0.077	0.090
0.085	0.093	0.708	0.114
0.082	0.799	0.056	0.063
0.048	0.810	0.102	0.040
0.058	0.833	0.035	0.074
0.042	0.847	0.053	0.058
>TTTCCCGTCG	9-TTTCCCGTCG	6.054868	-71.097189	0	T:880.0(18.04%),B:5363.1(12.25%),P:1e-30	Tpos:246.8,Tstd:139.8,Bpos:251.4,Bstd:160.3,StrandBias:0.1,Multiplicity:1.13
0.063	0.162	0.142	0.633
0.111	0.061	0.135	0.693
0.121	0.076	0.077	0.726
0.086	0.801	0.105	0.008
0.017	0.817	0.096	0.070
0.126	0.672	0.096	0.106
0.069	0.014	0.903	0.014
0.076	0.122	0.132	0.670
0.152	0.647	0.081	0.120
0.172	0.175	0.444	0.209
>GGTTTGAAAG	10-GGTTTGAAAG	6.271729	-70.535299	0	T:1932.0(39.61%),B:13897.1(31.73%),P:1e-30	Tpos:252.2,Tstd:144.1,Bpos:251.2,Bstd:155.0,StrandBias:-0.1,Multiplicity:1.21
0.091	0.041	0.793	0.075
0.085	0.056	0.762	0.097
0.046	0.030	0.025	0.899
0.078	0.055	0.084	0.783
0.078	0.055	0.071	0.796
0.076	0.097	0.744	0.083
0.827	0.053	0.058	0.062
0.821	0.073	0.053	0.053
0.807	0.070	0.056	0.067
0.064	0.087	0.771	0.078
>CCTGCTTGCT	11-CCTGCTTGCT	6.417838	-65.574942	0	T:2106.0(43.18%),B:15515.0(35.43%),P:1e-28	Tpos:251.1,Tstd:135.9,Bpos:249.2,Bstd:152.9,StrandBias:0.1,Multiplicity:1.26
0.044	0.749	0.113	0.094
0.074	0.741	0.059	0.126
0.045	0.077	0.064	0.814
0.053	0.073	0.807	0.067
0.062	0.798	0.061	0.079
0.052	0.102	0.024	0.822
0.055	0.067	0.050	0.828
0.070	0.096	0.773	0.061
0.048	0.834	0.045	0.073
0.054	0.088	0.021	0.837
>TTGTGGGTTG	12-TTGTGGGTTG	7.053264	-65.438551	0	T:1293.0(26.51%),B:8713.8(19.90%),P:1e-28	Tpos:248.5,Tstd:144.4,Bpos:249.6,Bstd:155.1,StrandBias:-0.1,Multiplicity:1.15
0.112	0.237	0.120	0.531
0.017	0.005	0.007	0.971
0.025	0.022	0.901	0.052
0.084	0.013	0.120	0.783
0.054	0.011	0.767	0.168
0.210	0.008	0.579	0.203
0.095	0.170	0.554	0.181
0.013	0.189	0.120	0.678
0.083	0.005	0.236	0.676
0.119	0.077	0.611	0.193
>CADCAGCTGC	13-CADCAGCTGC	6.790629	-63.582788	0	T:1916.0(39.29%),B:13936.3(31.82%),P:1e-27	Tpos:255.2,Tstd:136.9,Bpos:250.5,Bstd:153.9,StrandBias:0.0,Multiplicity:1.36
0.159	0.548	0.155	0.138
0.699	0.059	0.005	0.237
0.219	0.173	0.368	0.239
0.018	0.954	0.022	0.006
0.738	0.002	0.001	0.259
0.006	0.217	0.637	0.140
0.010	0.927	0.055	0.008
0.147	0.001	0.001	0.851
0.001	0.151	0.847	0.001
0.121	0.698	0.002	0.179
>CTCGCCGGCG	14-CTCGCCGGCG	6.509363	-42.858835	0	T:500.0(10.25%),B:2981.7(6.81%),P:1e-18	Tpos:249.9,Tstd:149.4,Bpos:253.8,Bstd:176.3,StrandBias:0.1,Multiplicity:1.23
0.082	0.794	0.077	0.047
0.079	0.060	0.046	0.815
0.068	0.780	0.061	0.091
0.043	0.083	0.778	0.096
0.040	0.795	0.080	0.085
0.043	0.829	0.077	0.051
0.042	0.062	0.821	0.075
0.061	0.096	0.774	0.069
0.079	0.816	0.043	0.062
0.047	0.068	0.801	0.084
>GASAGASAGA	15-GASAGASAGA	7.564319	-41.641861	0	T:803.0(16.47%),B:5325.8(12.16%),P:1e-18	Tpos:260.9,Tstd:122.0,Bpos:246.6,Bstd:173.7,StrandBias:0.2,Multiplicity:1.44
0.028	0.382	0.552	0.038
0.806	0.040	0.062	0.092
0.048	0.383	0.532	0.037
0.629	0.016	0.179	0.176
0.259	0.222	0.497	0.021
0.797	0.077	0.063	0.063
0.222	0.273	0.381	0.124
0.807	0.026	0.072	0.095
0.217	0.296	0.463	0.024
0.673	0.220	0.082	0.025
>ACCAATCGCG	16-ACCAATCGCG	10.302360	-41.015781	0	T:17.0(0.35%),B:6.3(0.01%),P:1e-17	Tpos:259.2,Tstd:150.2,Bpos:231.5,Bstd:99.1,StrandBias:-0.4,Multiplicity:1.00
0.918	0.001	0.080	0.001
0.001	0.815	0.001	0.183
0.001	0.997	0.001	0.001
0.815	0.001	0.001	0.183
0.815	0.183	0.001	0.001
0.183	0.001	0.001	0.815
0.001	0.815	0.001	0.183
0.001	0.001	0.997	0.001
0.001	0.997	0.001	0.001
0.001	0.001	0.997	0.001
>CGCGCGCGCA	17-CGCGCGCGCA	4.924209	-35.760934	0	T:505.0(10.35%),B:3142.7(7.18%),P:1e-15	Tpos:260.8,Tstd:146.3,Bpos:248.0,Bstd:175.1,StrandBias:-0.0,Multiplicity:1.53
0.094	0.777	0.083	0.046
0.103	0.111	0.669	0.117
0.113	0.705	0.092	0.090
0.107	0.110	0.667	0.116
0.110	0.675	0.099	0.116
0.090	0.108	0.714	0.088
0.108	0.692	0.106	0.094
0.095	0.092	0.709	0.104
0.107	0.688	0.109	0.096
0.702	0.108	0.070	0.120
>YGACGTCACC	18-YGACGTCACC	8.093110	-31.895326	0	T:119.0(2.44%),B:487.4(1.11%),P:1e-13	Tpos:259.5,Tstd:119.0,Bpos:251.1,Bstd:154.5,StrandBias:-0.5,Multiplicity:1.29
0.200	0.430	0.001	0.369
0.001	0.001	0.622	0.376
0.997	0.001	0.001	0.001
0.205	0.711	0.077	0.007
0.339	0.136	0.509	0.016
0.124	0.001	0.059	0.816
0.148	0.850	0.001	0.001
0.611	0.057	0.331	0.001
0.001	0.561	0.387	0.051
0.156	0.509	0.169	0.166
>TGTGKDGTGT	19-TGTGKDGTGT	7.922771	-27.180452	0	T:360.0(7.38%),B:2210.8(5.05%),P:1e-11	Tpos:244.9,Tstd:136.0,Bpos:250.4,Bstd:187.2,StrandBias:-0.1,Multiplicity:1.75
0.001	0.112	0.011	0.876
0.050	0.016	0.926	0.008
0.019	0.228	0.104	0.649
0.182	0.018	0.645	0.155
0.102	0.024	0.457	0.417
0.273	0.018	0.294	0.415
0.071	0.012	0.552	0.365
0.011	0.138	0.095	0.756
0.162	0.021	0.816	0.001
0.120	0.190	0.001	0.689
>YTYASACCGC	20-YTYASACCGC	10.869625	-26.405968	0	T:27.0(0.55%),B:44.4(0.10%),P:1e-11	Tpos:249.1,Tstd:149.7,Bpos:282.2,Bstd:141.1,StrandBias:-1.3,Multiplicity:1.40
0.001	0.448	0.001	0.550
0.001	0.001	0.001	0.997
0.050	0.528	0.001	0.421
0.997	0.001	0.001	0.001
0.001	0.395	0.421	0.183
0.997	0.001	0.001	0.001
0.001	0.997	0.001	0.001
0.001	0.997	0.001	0.001
0.001	0.001	0.997	0.001
0.001	0.685	0.313	0.001
>TCSATTCSAT	21-TCSATTCSAT	4.687210	-19.224735	0	T:1384.0(28.38%),B:10844.1(24.76%),P:1e-8	Tpos:245.1,Tstd:139.4,Bpos:249.0,Bstd:156.3,StrandBias:0.1,Multiplicity:1.32
0.038	0.020	0.119	0.823
0.019	0.961	0.001	0.019
0.001	0.533	0.465	0.001
0.612	0.001	0.361	0.026
0.070	0.032	0.094	0.804
0.001	0.037	0.001	0.961
0.038	0.939	0.001	0.022
0.074	0.399	0.508	0.019
0.570	0.019	0.378	0.033
0.054	0.120	0.202	0.624
>CATCATCACC	22-CATCATCACC	9.798730	-15.800660	0	T:148.0(3.03%),B:846.8(1.93%),P:1e-6	Tpos:238.7,Tstd:135.0,Bpos:253.9,Bstd:146.0,StrandBias:-0.1,Multiplicity:2.53
0.001	0.972	0.001	0.026
0.976	0.013	0.010	0.001
0.062	0.198	0.069	0.671
0.011	0.978	0.010	0.001
0.993	0.001	0.005	0.001
0.019	0.163	0.001	0.817
0.001	0.987	0.001	0.011
0.960	0.011	0.001	0.028
0.036	0.834	0.021	0.109
0.001	0.997	0.001	0.001
>TGTGTGTGTG	23-TGTGTGTGTG	8.350283	-13.051639	0	T:672.0(13.78%),B:5085.0(11.61%),P:1e-5	Tpos:247.7,Tstd:127.9,Bpos:251.4,Bstd:190.9,StrandBias:0.1,Multiplicity:2.63
0.100	0.100	0.100	0.700
0.100	0.100	0.700	0.100
0.100	0.100	0.100	0.700
0.100	0.100	0.700	0.100
0.100	0.100	0.100	0.700
0.100	0.100	0.700	0.100
0.100	0.100	0.100	0.700
0.100	0.100	0.700	0.100
0.100	0.100	0.100	0.700
0.100	0.100	0.700	0.100
>HGGAYGGAYG	24-HGGAYGGAYG	4.908463	-12.550914	0	T:2605.0(53.41%),B:21980.3(50.19%),P:1e-5	Tpos:254.8,Tstd:139.2,Bpos:250.2,Bstd:154.8,StrandBias:-0.2,Multiplicity:1.55
0.301	0.320	0.039	0.340
0.018	0.041	0.861	0.080
0.301	0.035	0.636	0.028
0.804	0.016	0.078	0.102
0.084	0.399	0.016	0.501
0.309	0.052	0.593	0.046
0.253	0.030	0.643	0.074
0.722	0.062	0.043	0.173
0.044	0.395	0.039	0.522
0.311	0.047	0.597	0.045
>CATCACATCA	25-CATCACATCA	8.369853	-11.569769	0	T:58.0(1.19%),B:279.9(0.64%),P:1e-5	Tpos:239.2,Tstd:128.4,Bpos:242.2,Bstd:148.2,StrandBias:0.2,Multiplicity:1.06
0.063	0.768	0.132	0.037
0.855	0.005	0.027	0.113
0.001	0.218	0.128	0.653
0.242	0.520	0.236	0.002
0.647	0.251	0.001	0.101
0.077	0.583	0.032	0.308
0.561	0.001	0.106	0.332
0.230	0.271	0.031	0.469
0.248	0.509	0.220	0.023
0.745	0.053	0.100	0.102
