>TTYCRGTTTC	1-TTYCRGTTTC	6.951735	-243.382242	0	T:886.0(18.17%),B:3635.4(8.30%),P:1e-105	Tpos:248.8,Tstd:135.7,Bpos:251.8,Bstd:163.8,StrandBias:-0.1,Multiplicity:1.22
0.085	0.110	0.086	0.719
0.098	0.225	0.023	0.654
0.087	0.310	0.211	0.392
0.047	0.543	0.085	0.325
0.229	0.195	0.378	0.198
0.057	0.265	0.508	0.170
0.108	0.018	0.039	0.835
0.086	0.217	0.024	0.673
0.077	0.199	0.025	0.699
0.114	0.508	0.132	0.246
>TTCGGTTTCG	2-TTCGGTTTCG	4.905409	-209.423634	0	T:1357.0(27.82%),B:7122.2(16.26%),P:1e-90	Tpos:251.1,Tstd:141.3,Bpos:251.3,Bstd:156.8,StrandBias:0.0,Multiplicity:1.13
0.157	0.126	0.126	0.591
0.032	0.144	0.169	0.655
0.144	0.564	0.133	0.159
0.154	0.125	0.600	0.121
0.012	0.167	0.659	0.162
0.141	0.132	0.134	0.593
0.117	0.139	0.143	0.601
0.139	0.139	0.126	0.596
0.120	0.569	0.166	0.145
0.181	0.144	0.580	0.095
>RACAGGAAGT	3-RACAGGAAGT	8.354084	-172.268166	0	T:1384.0(28.38%),B:7742.7(17.68%),P:1e-74	Tpos:251.1,Tstd:133.6,Bpos:247.7,Bstd:156.0,StrandBias:-0.1,Multiplicity:1.16
0.268	0.169	0.387	0.177
0.648	0.001	0.350	0.001
0.118	0.607	0.274	0.001
0.997	0.001	0.001	0.001
0.001	0.001	0.997	0.001
0.001	0.031	0.967	0.001
0.997	0.001	0.001	0.001
0.786	0.001	0.001	0.212
0.292	0.001	0.706	0.001
0.203	0.177	0.224	0.396
>TTTCACTTCC	4-TTTCACTTCC	6.497164	-135.619796	0	T:2653.0(54.40%),B:18745.4(42.80%),P:1e-58	Tpos:249.8,Tstd:137.4,Bpos:249.5,Bstd:157.9,StrandBias:0.1,Multiplicity:1.59
0.038	0.045	0.030	0.887
0.042	0.074	0.045	0.839
0.060	0.054	0.059	0.827
0.028	0.871	0.059	0.042
0.706	0.142	0.019	0.133
0.046	0.630	0.063	0.261
0.030	0.041	0.023	0.906
0.036	0.080	0.057	0.827
0.049	0.724	0.047	0.180
0.100	0.784	0.032	0.084
>TCCGCTCCGC	5-TCCGCTCCGC	4.901810	-99.261565	0	T:2682.0(54.99%),B:19748.9(45.09%),P:1e-43	Tpos:253.2,Tstd:136.7,Bpos:249.3,Bstd:157.4,StrandBias:-0.0,Multiplicity:1.68
0.099	0.115	0.093	0.693
0.065	0.733	0.085	0.117
0.125	0.662	0.082	0.131
0.100	0.122	0.651	0.127
0.074	0.766	0.087	0.073
0.099	0.119	0.097	0.685
0.073	0.731	0.097	0.099
0.111	0.671	0.079	0.139
0.100	0.096	0.688	0.116
0.079	0.722	0.099	0.100
>GAGAGGDRAG	6-GAGAGGDRAG	5.829242	-87.886501	0	T:2675.0(54.85%),B:19948.4(45.55%),P:1e-38	Tpos:247.4,Tstd:134.8,Bpos:250.8,Bstd:156.4,StrandBias:-0.1,Multiplicity:1.38
0.180	0.090	0.660	0.070
0.735	0.049	0.161	0.055
0.062	0.126	0.691	0.121
0.622	0.058	0.152	0.168
0.165	0.072	0.640	0.123
0.161	0.146	0.629	0.064
0.271	0.048	0.297	0.383
0.376	0.218	0.296	0.110
0.740	0.058	0.147	0.055
0.079	0.120	0.747	0.054
>TGASTCABYN	7-TGASTCABYN	7.741226	-78.809471	0	T:818.0(16.77%),B:4777.7(10.91%),P:1e-34	Tpos:244.6,Tstd:135.2,Bpos:249.2,Bstd:152.3,StrandBias:0.1,Multiplicity:1.21
0.001	0.019	0.001	0.979
0.161	0.238	0.586	0.015
0.956	0.001	0.001	0.042
0.054	0.493	0.384	0.069
0.001	0.001	0.001	0.997
0.001	0.767	0.231	0.001
0.997	0.001	0.001	0.001
0.087	0.309	0.245	0.359
0.158	0.434	0.001	0.407
0.333	0.222	0.228	0.216
>TTTCCGCCCC	8-TTTCCGCCCC	5.036731	-71.500959	0	T:2472.0(50.69%),B:18554.2(42.37%),P:1e-31	Tpos:249.1,Tstd:140.0,Bpos:247.8,Bstd:153.8,StrandBias:0.1,Multiplicity:1.31
0.042	0.079	0.065	0.814
0.015	0.032	0.049	0.904
0.065	0.090	0.073	0.772
0.054	0.761	0.085	0.100
0.081	0.752	0.077	0.090
0.085	0.093	0.708	0.114
0.082	0.799	0.056	0.063
0.048	0.810	0.102	0.040
0.058	0.833	0.035	0.074
0.042	0.847	0.053	0.058
>TTTCCCGTCG	9-TTTCCCGTCG	6.054868	-71.097189	0	T:880.0(18.04%),B:5363.1(12.25%),P:1e-30	Tpos:246.8,Tstd:139.8,Bpos:251.4,Bstd:160.3,StrandBias:0.1,Multiplicity:1.13
0.063	0.162	0.142	0.633
0.111	0.061	0.135	0.693
0.121	0.076	0.077	0.726
0.086	0.801	0.105	0.008
0.017	0.817	0.096	0.070
0.126	0.672	0.096	0.106
0.069	0.014	0.903	0.014
0.076	0.122	0.132	0.670
0.152	0.647	0.081	0.120
0.172	0.175	0.444	0.209
>GGTTTGAAAG	10-GGTTTGAAAG	6.271729	-70.535299	0	T:1932.0(39.61%),B:13897.1(31.73%),P:1e-30	Tpos:252.2,Tstd:144.1,Bpos:251.2,Bstd:155.0,StrandBias:-0.1,Multiplicity:1.21
0.091	0.041	0.793	0.075
0.085	0.056	0.762	0.097
0.046	0.030	0.025	0.899
0.078	0.055	0.084	0.783
0.078	0.055	0.071	0.796
0.076	0.097	0.744	0.083
0.827	0.053	0.058	0.062
0.821	0.073	0.053	0.053
0.807	0.070	0.056	0.067
0.064	0.087	0.771	0.078
>CCTGCTTGCT	11-CCTGCTTGCT	6.417838	-65.574942	0	T:2106.0(43.18%),B:15515.0(35.43%),P:1e-28	Tpos:251.1,Tstd:135.9,Bpos:249.2,Bstd:152.9,StrandBias:0.1,Multiplicity:1.26
0.044	0.749	0.113	0.094
0.074	0.741	0.059	0.126
0.045	0.077	0.064	0.814
0.053	0.073	0.807	0.067
0.062	0.798	0.061	0.079
0.052	0.102	0.024	0.822
0.055	0.067	0.050	0.828
0.070	0.096	0.773	0.061
0.048	0.834	0.045	0.073
0.054	0.088	0.021	0.837
>TTGTGGGTTG	12-TTGTGGGTTG	7.053264	-65.438551	0	T:1293.0(26.51%),B:8713.8(19.90%),P:1e-28	Tpos:248.5,Tstd:144.4,Bpos:249.6,Bstd:155.1,StrandBias:-0.1,Multiplicity:1.15
0.112	0.237	0.120	0.531
0.017	0.005	0.007	0.971
0.025	0.022	0.901	0.052
0.084	0.013	0.120	0.783
0.054	0.011	0.767	0.168
0.210	0.008	0.579	0.203
0.095	0.170	0.554	0.181
0.013	0.189	0.120	0.678
0.083	0.005	0.236	0.676
0.119	0.077	0.611	0.193
>CADCAGCTGC	13-CADCAGCTGC	6.790629	-63.582788	0	T:1916.0(39.29%),B:13936.3(31.82%),P:1e-27	Tpos:255.2,Tstd:136.9,Bpos:250.5,Bstd:153.9,StrandBias:0.0,Multiplicity:1.36
0.159	0.548	0.155	0.138
0.699	0.059	0.005	0.237
0.219	0.173	0.368	0.239
0.018	0.954	0.022	0.006
0.738	0.002	0.001	0.259
0.006	0.217	0.637	0.140
0.010	0.927	0.055	0.008
0.147	0.001	0.001	0.851
0.001	0.151	0.847	0.001
0.121	0.698	0.002	0.179
>CTCGCCGGCG	14-CTCGCCGGCG	6.509363	-42.858835	0	T:500.0(10.25%),B:2981.7(6.81%),P:1e-18	Tpos:249.9,Tstd:149.4,Bpos:253.8,Bstd:176.3,StrandBias:0.1,Multiplicity:1.23
0.082	0.794	0.077	0.047
0.079	0.060	0.046	0.815
0.068	0.780	0.061	0.091
0.043	0.083	0.778	0.096
0.040	0.795	0.080	0.085
0.043	0.829	0.077	0.051
0.042	0.062	0.821	0.075
0.061	0.096	0.774	0.069
0.079	0.816	0.043	0.062
0.047	0.068	0.801	0.084
>GASAGASAGA	15-GASAGASAGA	7.564319	-41.641861	0	T:803.0(16.47%),B:5325.8(12.16%),P:1e-18	Tpos:260.9,Tstd:122.0,Bpos:246.6,Bstd:173.7,StrandBias:0.2,Multiplicity:1.44
0.028	0.382	0.552	0.038
0.806	0.040	0.062	0.092
0.048	0.383	0.532	0.037
0.629	0.016	0.179	0.176
0.259	0.222	0.497	0.021
0.797	0.077	0.063	0.063
0.222	0.273	0.381	0.124
0.807	0.026	0.072	0.095
0.217	0.296	0.463	0.024
0.673	0.220	0.082	0.025
>ACCAATCGCG	16-ACCAATCGCG	10.302360	-41.015781	0	T:17.0(0.35%),B:6.3(0.01%),P:1e-17	Tpos:259.2,Tstd:150.2,Bpos:231.5,Bstd:99.1,StrandBias:-0.4,Multiplicity:1.00
0.918	0.001	0.080	0.001
0.001	0.815	0.001	0.183
0.001	0.997	0.001	0.001
0.815	0.001	0.001	0.183
0.815	0.183	0.001	0.001
0.183	0.001	0.001	0.815
0.001	0.815	0.001	0.183
0.001	0.001	0.997	0.001
0.001	0.997	0.001	0.001
0.001	0.001	0.997	0.001
>CGCGCGCGCA	17-CGCGCGCGCA	4.924209	-35.760934	0	T:505.0(10.35%),B:3142.7(7.18%),P:1e-15	Tpos:260.8,Tstd:146.3,Bpos:248.0,Bstd:175.1,StrandBias:-0.0,Multiplicity:1.53
0.094	0.777	0.083	0.046
0.103	0.111	0.669	0.117
0.113	0.705	0.092	0.090
0.107	0.110	0.667	0.116
0.110	0.675	0.099	0.116
0.090	0.108	0.714	0.088
0.108	0.692	0.106	0.094
0.095	0.092	0.709	0.104
0.107	0.688	0.109	0.096
0.702	0.108	0.070	0.120
>YGACGTCACC	18-YGACGTCACC	8.093110	-31.895326	0	T:119.0(2.44%),B:487.4(1.11%),P:1e-13	Tpos:259.5,Tstd:119.0,Bpos:251.1,Bstd:154.5,StrandBias:-0.5,Multiplicity:1.29
0.200	0.430	0.001	0.369
0.001	0.001	0.622	0.376
0.997	0.001	0.001	0.001
0.205	0.711	0.077	0.007
0.339	0.136	0.509	0.016
0.124	0.001	0.059	0.816
0.148	0.850	0.001	0.001
0.611	0.057	0.331	0.001
0.001	0.561	0.387	0.051
0.156	0.509	0.169	0.166
>TGTGKDGTGT	19-TGTGKDGTGT	7.922771	-27.180452	0	T:360.0(7.38%),B:2210.8(5.05%),P:1e-11	Tpos:244.9,Tstd:136.0,Bpos:250.4,Bstd:187.2,StrandBias:-0.1,Multiplicity:1.75
0.001	0.112	0.011	0.876
0.050	0.016	0.926	0.008
0.019	0.228	0.104	0.649
0.182	0.018	0.645	0.155
0.102	0.024	0.457	0.417
0.273	0.018	0.294	0.415
0.071	0.012	0.552	0.365
0.011	0.138	0.095	0.756
0.162	0.021	0.816	0.001
0.120	0.190	0.001	0.689
>YTYASACCGC	20-YTYASACCGC	10.869625	-26.405968	0	T:27.0(0.55%),B:44.4(0.10%),P:1e-11	Tpos:249.1,Tstd:149.7,Bpos:282.2,Bstd:141.1,StrandBias:-1.3,Multiplicity:1.40
0.001	0.448	0.001	0.550
0.001	0.001	0.001	0.997
0.050	0.528	0.001	0.421
0.997	0.001	0.001	0.001
0.001	0.395	0.421	0.183
0.997	0.001	0.001	0.001
0.001	0.997	0.001	0.001
0.001	0.997	0.001	0.001
0.001	0.001	0.997	0.001
0.001	0.685	0.313	0.001
>TCSATTCSAT	21-TCSATTCSAT	4.687210	-19.224735	0	T:1384.0(28.38%),B:10844.1(24.76%),P:1e-8	Tpos:245.1,Tstd:139.4,Bpos:249.0,Bstd:156.3,StrandBias:0.1,Multiplicity:1.32
0.038	0.020	0.119	0.823
0.019	0.961	0.001	0.019
0.001	0.533	0.465	0.001
0.612	0.001	0.361	0.026
0.070	0.032	0.094	0.804
0.001	0.037	0.001	0.961
0.038	0.939	0.001	0.022
0.074	0.399	0.508	0.019
0.570	0.019	0.378	0.033
0.054	0.120	0.202	0.624
>CATCATCACC	22-CATCATCACC	9.798730	-15.800660	0	T:148.0(3.03%),B:846.8(1.93%),P:1e-6	Tpos:238.7,Tstd:135.0,Bpos:253.9,Bstd:146.0,StrandBias:-0.1,Multiplicity:2.53
0.001	0.972	0.001	0.026
0.976	0.013	0.010	0.001
0.062	0.198	0.069	0.671
0.011	0.978	0.010	0.001
0.993	0.001	0.005	0.001
0.019	0.163	0.001	0.817
0.001	0.987	0.001	0.011
0.960	0.011	0.001	0.028
0.036	0.834	0.021	0.109
0.001	0.997	0.001	0.001
>TGTGTGTGTG	23-TGTGTGTGTG	8.350283	-13.051639	0	T:672.0(13.78%),B:5085.0(11.61%),P:1e-5	Tpos:247.7,Tstd:127.9,Bpos:251.4,Bstd:190.9,StrandBias:0.1,Multiplicity:2.63
0.100	0.100	0.100	0.700
0.100	0.100	0.700	0.100
0.100	0.100	0.100	0.700
0.100	0.100	0.700	0.100
0.100	0.100	0.100	0.700
0.100	0.100	0.700	0.100
0.100	0.100	0.100	0.700
0.100	0.100	0.700	0.100
0.100	0.100	0.100	0.700
0.100	0.100	0.700	0.100
>HGGAYGGAYG	24-HGGAYGGAYG	4.908463	-12.550914	0	T:2605.0(53.41%),B:21980.3(50.19%),P:1e-5	Tpos:254.8,Tstd:139.2,Bpos:250.2,Bstd:154.8,StrandBias:-0.2,Multiplicity:1.55
0.301	0.320	0.039	0.340
0.018	0.041	0.861	0.080
0.301	0.035	0.636	0.028
0.804	0.016	0.078	0.102
0.084	0.399	0.016	0.501
0.309	0.052	0.593	0.046
0.253	0.030	0.643	0.074
0.722	0.062	0.043	0.173
0.044	0.395	0.039	0.522
0.311	0.047	0.597	0.045
>CATCACATCA	25-CATCACATCA	8.369853	-11.569769	0	T:58.0(1.19%),B:279.9(0.64%),P:1e-5	Tpos:239.2,Tstd:128.4,Bpos:242.2,Bstd:148.2,StrandBias:0.2,Multiplicity:1.06
0.063	0.768	0.132	0.037
0.855	0.005	0.027	0.113
0.001	0.218	0.128	0.653
0.242	0.520	0.236	0.002
0.647	0.251	0.001	0.101
0.077	0.583	0.032	0.308
0.561	0.001	0.106	0.332
0.230	0.271	0.031	0.469
0.248	0.509	0.220	0.023
0.745	0.053	0.100	0.102
>GTTTCABTTTCN	1-GTTTCABTTTCN	9.181865	-338.794772	0	T:604.0(12.38%),B:1587.5(3.62%),P:1e-147	Tpos:242.7,Tstd:138.8,Bpos:252.0,Bstd:160.4,StrandBias:-0.1,Multiplicity:1.09
0.106	0.329	0.480	0.085
0.067	0.005	0.057	0.871
0.009	0.060	0.002	0.929
0.043	0.031	0.005	0.921
0.043	0.840	0.005	0.112
0.609	0.052	0.154	0.185
0.130	0.305	0.347	0.218
0.065	0.003	0.031	0.901
0.117	0.096	0.009	0.778
0.118	0.206	0.060	0.616
0.068	0.495	0.162	0.275
0.299	0.205	0.196	0.300
>ARASAGGAAGTG	2-ARASAGGAAGTG	7.130572	-151.783130	0	T:2470.0(50.65%),B:16851.6(38.48%),P:1e-65	Tpos:253.6,Tstd:131.5,Bpos:248.2,Bstd:156.7,StrandBias:-0.1,Multiplicity:1.36
0.524	0.028	0.287	0.161
0.423	0.067	0.397	0.114
0.660	0.023	0.284	0.033
0.239	0.437	0.312	0.012
0.962	0.025	0.012	0.001
0.016	0.001	0.982	0.001
0.001	0.005	0.993	0.001
0.805	0.139	0.033	0.023
0.889	0.001	0.032	0.078
0.195	0.023	0.771	0.011
0.199	0.130	0.139	0.532
0.277	0.141	0.516	0.066
>GCTGASTCAGCA	3-GCTGASTCAGCA	8.342674	-102.098663	0	T:492.0(10.09%),B:2234.7(5.10%),P:1e-44	Tpos:244.8,Tstd:136.3,Bpos:249.9,Bstd:154.3,StrandBias:0.1,Multiplicity:1.13
0.231	0.165	0.463	0.141
0.218	0.591	0.173	0.018
0.001	0.001	0.001	0.997
0.001	0.094	0.743	0.162
0.874	0.001	0.005	0.120
0.069	0.519	0.403	0.009
0.141	0.096	0.001	0.762
0.172	0.746	0.018	0.064
0.751	0.001	0.001	0.247
0.001	0.008	0.686	0.305
0.009	0.737	0.001	0.253
0.554	0.207	0.008	0.231
>TTTCTTCTCCTC	4-TTTCTTCTCCTC	6.762438	-97.410414	0	T:2325.0(47.67%),B:16649.2(38.02%),P:1e-42	Tpos:248.3,Tstd:133.7,Bpos:250.3,Bstd:157.8,StrandBias:0.0,Multiplicity:1.29
0.087	0.093	0.082	0.738
0.086	0.102	0.077	0.735
0.103	0.086	0.081	0.730
0.078	0.731	0.101	0.090
0.103	0.084	0.049	0.764
0.077	0.096	0.094	0.733
0.082	0.745	0.085	0.088
0.097	0.089	0.045	0.769
0.072	0.753	0.092	0.083
0.103	0.773	0.043	0.081
0.085	0.101	0.050	0.764
0.074	0.764	0.080	0.082
>RAAACCGAAANN	5-RAAACCGAAANN	4.986777	-74.499940	0	T:1703.0(34.92%),B:11876.1(27.12%),P:1e-32	Tpos:253.4,Tstd:137.2,Bpos:248.3,Bstd:161.0,StrandBias:-0.0,Multiplicity:1.36
0.392	0.199	0.267	0.141
0.410	0.226	0.188	0.176
0.579	0.127	0.192	0.102
0.637	0.170	0.112	0.081
0.088	0.536	0.283	0.093
0.001	0.893	0.105	0.001
0.026	0.018	0.953	0.003
0.579	0.108	0.221	0.092
0.677	0.149	0.126	0.048
0.623	0.153	0.162	0.062
0.321	0.249	0.224	0.207
0.197	0.289	0.291	0.222
>ACTCACTCACTC	6-ACTCACTCACTC	6.347870	-35.892983	0	T:1282.0(26.29%),B:9370.8(21.40%),P:1e-15	Tpos:258.9,Tstd:134.9,Bpos:247.6,Bstd:158.4,StrandBias:0.2,Multiplicity:1.26
0.834	0.043	0.061	0.062
0.097	0.721	0.070	0.112
0.034	0.060	0.032	0.874
0.034	0.896	0.052	0.018
0.819	0.056	0.075	0.050
0.026	0.823	0.054	0.097
0.073	0.091	0.025	0.811
0.018	0.858	0.082	0.042
0.879	0.061	0.024	0.036
0.038	0.753	0.036	0.173
0.073	0.045	0.015	0.867
0.050	0.867	0.029	0.054
>GTGTGTTGTGTG	7-GTGTGTTGTGTG	11.675047	-32.109632	0	T:69.0(1.41%),B:209.5(0.48%),P:1e-13	Tpos:233.1,Tstd:129.5,Bpos:242.6,Bstd:233.2,StrandBias:0.2,Multiplicity:3.99
0.069	0.025	0.766	0.140
0.009	0.015	0.026	0.950
0.034	0.006	0.919	0.041
0.001	0.037	0.061	0.901
0.091	0.026	0.766	0.117
0.030	0.009	0.373	0.588
0.063	0.038	0.304	0.595
0.093	0.065	0.570	0.272
0.029	0.051	0.093	0.827
0.156	0.012	0.763	0.069
0.001	0.053	0.004	0.942
0.172	0.041	0.701	0.086
>GTGCAGGTGATG	8-GTGCAGGTGATG	-0.559427	-29.598208	0	T:521.0(10.68%),B:3387.6(7.74%),P:1e-12	Tpos:259.1,Tstd:135.0,Bpos:247.6,Bstd:154.5,StrandBias:0.2,Multiplicity:1.08
0.001	0.001	0.997	0.001
0.001	0.001	0.001	0.997
0.001	0.001	0.997	0.001
0.001	0.997	0.001	0.001
0.997	0.001	0.001	0.001
0.001	0.001	0.997	0.001
0.001	0.001	0.997	0.001
0.001	0.001	0.001	0.997
0.035	0.001	0.963	0.001
0.997	0.001	0.001	0.001
0.001	0.001	0.001	0.997
0.001	0.001	0.997	0.001
>GCGCATGCGCAG	9-GCGCATGCGCAG	9.773074	-28.153012	0	T:97.0(1.99%),B:384.0(0.88%),P:1e-12	Tpos:251.8,Tstd:132.6,Bpos:250.0,Bstd:153.0,StrandBias:-0.2,Multiplicity:1.24
0.102	0.012	0.885	0.001
0.073	0.797	0.071	0.059
0.068	0.001	0.861	0.070
0.024	0.905	0.070	0.001
0.751	0.095	0.075	0.079
0.098	0.111	0.057	0.734
0.001	0.046	0.941	0.012
0.031	0.801	0.052	0.116
0.035	0.080	0.828	0.057
0.001	0.946	0.001	0.052
0.819	0.086	0.047	0.048
0.068	0.114	0.730	0.088
>AGASASASAGAS	10-AGASASASAGAS	10.015816	-27.732719	0	T:799.0(16.38%),B:5638.8(12.88%),P:1e-12	Tpos:265.9,Tstd:124.9,Bpos:243.8,Bstd:178.7,StrandBias:0.2,Multiplicity:1.53
0.984	0.010	0.005	0.001
0.006	0.414	0.579	0.001
0.991	0.007	0.001	0.001
0.181	0.356	0.461	0.001
0.997	0.001	0.001	0.001
0.206	0.328	0.456	0.010
0.990	0.001	0.001	0.008
0.140	0.355	0.504	0.001
0.950	0.005	0.001	0.044
0.255	0.259	0.486	0.001
0.988	0.010	0.001	0.001
0.183	0.376	0.440	0.001
>GCAGGTGATGCT	11-GCAGGTGATGCT	9.280672	-22.410112	0	T:182.0(3.73%),B:993.0(2.27%),P:1e-9	Tpos:248.8,Tstd:136.5,Bpos:252.0,Bstd:157.4,StrandBias:-0.2,Multiplicity:1.03
0.078	0.051	0.814	0.057
0.054	0.806	0.079	0.061
0.851	0.023	0.067	0.059
0.021	0.032	0.876	0.071
0.057	0.070	0.812	0.061
0.085	0.023	0.069	0.823
0.038	0.059	0.865	0.038
0.776	0.051	0.084	0.089
0.040	0.063	0.077	0.820
0.046	0.038	0.859	0.057
0.031	0.865	0.043	0.061
0.051	0.023	0.023	0.903
>AGTGCTGAGTGC	12-AGTGCTGAGTGC	12.625377	-22.197721	0	T:13.0(0.27%),B:10.7(0.02%),P:1e-9	Tpos:245.9,Tstd:128.8,Bpos:231.4,Bstd:119.8,StrandBias:2.6,Multiplicity:2.15
0.968	0.030	0.001	0.001
0.071	0.001	0.897	0.031
0.001	0.030	0.001	0.968
0.001	0.001	0.997	0.001
0.001	0.831	0.001	0.167
0.001	0.117	0.001	0.881
0.001	0.001	0.997	0.001
0.997	0.001	0.001	0.001
0.001	0.001	0.997	0.001
0.001	0.030	0.001	0.968
0.001	0.001	0.997	0.001
0.001	0.997	0.001	0.001
>GGTYATGTCATG	13-GGTYATGTCATG	14.872959	-19.847369	0	T:6.0(0.12%),B:0.6(0.00%),P:1e-8	Tpos:214.8,Tstd:135.7,Bpos:49.0,Bstd:0.0,StrandBias:10.0,Multiplicity:4.00
0.001	0.001	0.997	0.001
0.001	0.001	0.997	0.001
0.001	0.001	0.001	0.997
0.001	0.409	0.181	0.409
0.997	0.001	0.001	0.001
0.001	0.001	0.001	0.997
0.001	0.001	0.997	0.001
0.001	0.001	0.001	0.997
0.001	0.997	0.001	0.001
0.997	0.001	0.001	0.001
0.001	0.001	0.001	0.997
0.021	0.001	0.977	0.001
>TGTGTKGTGTGT	14-TGTGTKGTGTGT	9.218639	-19.315692	0	T:238.0(4.88%),B:1444.2(3.30%),P:1e-8	Tpos:238.9,Tstd:129.8,Bpos:242.6,Bstd:190.5,StrandBias:-0.1,Multiplicity:1.85
0.053	0.051	0.111	0.785
0.106	0.039	0.810	0.045
0.078	0.043	0.063	0.816
0.107	0.029	0.717	0.147
0.090	0.034	0.358	0.518
0.084	0.023	0.405	0.489
0.114	0.124	0.584	0.178
0.086	0.028	0.038	0.848
0.107	0.042	0.840	0.011
0.042	0.019	0.030	0.909
0.109	0.054	0.697	0.140
0.026	0.009	0.159	0.806
>GGCTTTGTCTTC	15-GGCTTTGTCTTC	-4.153635	-16.155193	0	T:1434.0(29.40%),B:11421.9(26.08%),P:1e-7	Tpos:245.5,Tstd:139.2,Bpos:248.8,Bstd:154.1,StrandBias:-0.0,Multiplicity:1.15
0.001	0.001	0.997	0.001
0.001	0.001	0.997	0.001
0.001	0.997	0.001	0.001
0.001	0.001	0.001	0.997
0.001	0.001	0.001	0.997
0.001	0.039	0.001	0.959
0.001	0.001	0.997	0.001
0.001	0.001	0.001	0.997
0.039	0.959	0.001	0.001
0.001	0.001	0.001	0.997
0.001	0.001	0.001	0.997
0.001	0.997	0.001	0.001
>TCCATTCCATTC	16-TCCATTCCATTC	4.648415	-14.514137	0	T:2613.0(53.58%),B:21926.9(50.07%),P:1e-6	Tpos:250.5,Tstd:135.3,Bpos:248.3,Bstd:155.1,StrandBias:0.1,Multiplicity:1.49
0.029	0.043	0.031	0.897
0.055	0.889	0.025	0.031
0.059	0.797	0.100	0.044
0.730	0.045	0.088	0.137
0.064	0.035	0.066	0.835
0.037	0.026	0.064	0.873
0.022	0.930	0.020	0.028
0.070	0.784	0.070	0.076
0.708	0.061	0.100	0.131
0.033	0.038	0.105	0.824
0.031	0.042	0.027	0.900
0.063	0.835	0.022	0.080
>AYCAYCAYCAYC	17-AYCAYCAYCAYC	9.703976	-12.937084	0	T:131.0(2.69%),B:768.2(1.75%),P:1e-5	Tpos:230.4,Tstd:130.3,Bpos:262.0,Bstd:143.5,StrandBias:0.2,Multiplicity:2.56
0.916	0.048	0.021	0.015
0.087	0.374	0.021	0.518
0.113	0.781	0.004	0.102
0.838	0.040	0.052	0.070
0.036	0.406	0.022	0.536
0.001	0.925	0.001	0.073
0.888	0.042	0.069	0.001
0.089	0.352	0.094	0.465
0.008	0.874	0.001	0.117
0.883	0.034	0.056	0.027
0.018	0.411	0.024	0.547
0.051	0.843	0.029	0.077
>TMACTCARCCCA	18-TMACTCARCCCA	13.289995	-11.488221	0	T:10.0(0.21%),B:15.9(0.04%),P:1e-4	Tpos:207.5,Tstd:115.4,Bpos:285.5,Bstd:152.8,StrandBias:1.2,Multiplicity:2.22
0.001	0.001	0.001	0.997
0.353	0.482	0.164	0.001
0.997	0.001	0.001	0.001
0.001	0.997	0.001	0.001
0.001	0.001	0.001	0.997
0.164	0.753	0.082	0.001
0.997	0.001	0.001	0.001
0.472	0.164	0.364	0.001
0.245	0.753	0.001	0.001
0.001	0.988	0.001	0.010
0.010	0.988	0.001	0.001
0.835	0.001	0.001	0.163
>CATCCATCCATC	19-CATCCATCCATC	10.355628	-11.470943	0	T:56.0(1.15%),B:267.3(0.61%),P:1e-4	Tpos:275.6,Tstd:133.7,Bpos:251.8,Bstd:126.8,StrandBias:0.8,Multiplicity:2.59
0.032	0.863	0.029	0.076
0.822	0.046	0.065	0.067
0.055	0.056	0.020	0.869
0.035	0.794	0.059	0.112
0.075	0.821	0.017	0.087
0.856	0.035	0.063	0.046
0.040	0.087	0.030	0.843
0.041	0.788	0.027	0.144
0.046	0.853	0.002	0.099
0.823	0.057	0.061	0.059
0.039	0.083	0.032	0.846
0.052	0.827	0.027	0.094
>TGTGTGTGTCTG	20-TGTGTGTGTCTG	8.876715	-11.265686	0	T:585.0(12.00%),B:4433.3(10.12%),P:1e-4	Tpos:248.4,Tstd:138.0,Bpos:250.7,Bstd:173.5,StrandBias:-0.4,Multiplicity:1.35
0.080	0.063	0.083	0.774
0.083	0.091	0.728	0.098
0.085	0.055	0.082	0.778
0.091	0.092	0.729	0.088
0.075	0.058	0.078	0.789
0.081	0.090	0.727	0.102
0.074	0.063	0.076	0.787
0.083	0.082	0.733	0.102
0.086	0.088	0.079	0.747
0.090	0.643	0.157	0.110
0.098	0.037	0.047	0.818
0.080	0.079	0.747	0.094
>TGACTGAGGTGA	21-TGACTGAGGTGA	8.463612	-11.167246	0	T:348.0(7.14%),B:2491.7(5.69%),P:1e-4	Tpos:240.7,Tstd:133.5,Bpos:253.9,Bstd:149.7,StrandBias:0.0,Multiplicity:1.09
0.100	0.100	0.100	0.700
0.100	0.100	0.700	0.100
0.700	0.100	0.100	0.100
0.100	0.700	0.100	0.100
0.100	0.100	0.100	0.700
0.100	0.100	0.700	0.100
0.700	0.100	0.100	0.100
0.100	0.100	0.700	0.100
0.100	0.100	0.700	0.100
0.100	0.100	0.100	0.700
0.100	0.100	0.700	0.100
0.700	0.100	0.100	0.100
>GTGTGTGTGTGT	22-GTGTGTGTGTGT	10.409522	-9.725172	0	T:324.0(6.64%),B:2344.4(5.35%),P:1e-4	Tpos:248.0,Tstd:126.9,Bpos:252.9,Bstd:188.8,StrandBias:0.1,Multiplicity:2.21
0.100	0.100	0.700	0.100
0.100	0.100	0.100	0.700
0.100	0.100	0.700	0.100
0.100	0.100	0.100	0.700
0.100	0.100	0.700	0.100
0.100	0.100	0.100	0.700
0.100	0.100	0.700	0.100
0.100	0.100	0.100	0.700
0.100	0.100	0.700	0.100
0.100	0.100	0.100	0.700
0.100	0.100	0.700	0.100
0.100	0.100	0.100	0.700
>CAGGGGTGACTC	23-CAGGGGTGACTC	12.355432	-8.460512	0	T:3.0(0.06%),B:1.0(0.00%),P:1e-3	Tpos:164.1,Tstd:88.7,Bpos:163.0,Bstd:0.0,StrandBias:2.3,Multiplicity:4.00
0.100	0.700	0.100	0.100
0.700	0.100	0.100	0.100
0.100	0.100	0.700	0.100
0.100	0.100	0.700	0.100
0.100	0.100	0.700	0.100
0.100	0.100	0.700	0.100
0.100	0.100	0.100	0.700
0.100	0.100	0.700	0.100
0.700	0.100	0.100	0.100
0.100	0.700	0.100	0.100
0.100	0.100	0.100	0.700
0.100	0.700	0.100	0.100
>CGGTGTGAAGCG	24-CGGTGTGAAGCG	14.179987	-6.463836	0	T:3.0(0.06%),B:2.5(0.01%),P:1e-2	Tpos:239.6,Tstd:158.4,Bpos:309.5,Bstd:149.4,StrandBias:10.0,Multiplicity:4.33
0.001	0.997	0.001	0.001
0.001	0.001	0.997	0.001
0.001	0.001	0.997	0.001
0.001	0.001	0.001	0.997
0.001	0.001	0.997	0.001
0.001	0.001	0.001	0.997
0.001	0.001	0.997	0.001
0.997	0.001	0.001	0.001
0.709	0.001	0.289	0.001
0.001	0.001	0.997	0.001
0.001	0.692	0.001	0.306
0.001	0.001	0.997	0.001
>TCATAGATAATC	25-TCATAGATAATC	12.355432	-1.611095	0	T:1.0(0.02%),B:2.4(0.01%),P:1e0	Tpos:216.3,Tstd:145.6,Bpos:283.5,Bstd:166.4,StrandBias:10.0,Multiplicity:11.00
0.100	0.100	0.100	0.700
0.100	0.700	0.100	0.100
0.700	0.100	0.100	0.100
0.100	0.100	0.100	0.700
0.700	0.100	0.100	0.100
0.100	0.100	0.700	0.100
0.700	0.100	0.100	0.100
0.100	0.100	0.100	0.700
0.700	0.100	0.100	0.100
0.700	0.100	0.100	0.100
0.100	0.100	0.100	0.700
0.100	0.700	0.100	0.100
>RCCGGAAR	1-RCCGGAAR	5.833173	-206.770699	0	T:3152.0(64.63%),B:22032.7(50.31%),P:1e-89	Tpos:250.1,Tstd:133.9,Bpos:248.3,Bstd:159.3,StrandBias:-0.0,Multiplicity:1.64
0.505	0.038	0.456	0.001
0.176	0.551	0.246	0.027
0.280	0.490	0.229	0.001
0.001	0.019	0.979	0.001
0.258	0.043	0.679	0.020
0.791	0.124	0.069	0.016
0.787	0.107	0.105	0.001
0.411	0.040	0.520	0.029
>AAACCGAA	2-AAACCGAA	6.155416	-131.299947	0	T:1982.0(40.64%),B:13077.3(29.86%),P:1e-57	Tpos:249.1,Tstd:144.4,Bpos:251.7,Bstd:155.5,StrandBias:-0.1,Multiplicity:1.34
0.932	0.019	0.021	0.028
0.965	0.022	0.012	0.001
0.965	0.001	0.013	0.021
0.085	0.800	0.090	0.025
0.075	0.675	0.061	0.189
0.117	0.039	0.812	0.032
0.941	0.028	0.030	0.001
0.985	0.013	0.001	0.001
>CGGAAACG	3-CGGAAACG	5.141740	-114.688946	0	T:2022.0(41.46%),B:13712.9(31.31%),P:1e-49	Tpos:253.0,Tstd:141.5,Bpos:250.4,Bstd:161.0,StrandBias:0.0,Multiplicity:1.29
0.044	0.819	0.106	0.031
0.036	0.069	0.706	0.189
0.083	0.133	0.765	0.019
0.750	0.082	0.111	0.057
0.884	0.019	0.052	0.045
0.707	0.102	0.129	0.062
0.082	0.690	0.085	0.143
0.074	0.109	0.680	0.137
>TGAAACGA	4-TGAAACGA	5.359045	-111.302350	0	T:3115.0(63.87%),B:23416.2(53.47%),P:1e-48	Tpos:244.9,Tstd:140.4,Bpos:250.3,Bstd:157.1,StrandBias:-0.2,Multiplicity:1.37
0.092	0.105	0.253	0.550
0.048	0.001	0.869	0.082
0.825	0.001	0.078	0.096
0.963	0.035	0.001	0.001
0.870	0.024	0.105	0.001
0.091	0.637	0.171	0.101
0.134	0.125	0.604	0.137
0.680	0.090	0.115	0.115
>TGAGTCAK	5-TGAGTCAK	6.725994	-92.251725	0	T:692.0(14.19%),B:3686.2(8.42%),P:1e-40	Tpos:248.3,Tstd:134.5,Bpos:248.6,Bstd:150.9,StrandBias:-0.0,Multiplicity:1.12
0.101	0.051	0.078	0.770
0.046	0.062	0.793	0.099
0.876	0.068	0.008	0.048
0.022	0.327	0.607	0.044
0.031	0.028	0.032	0.909
0.057	0.773	0.114	0.056
0.808	0.099	0.082	0.011
0.041	0.114	0.377	0.468
>GGAGAGAA	6-GGAGAGAA	6.330969	-88.272309	0	T:2534.0(51.96%),B:18686.1(42.67%),P:1e-38	Tpos:249.7,Tstd:134.5,Bpos:251.4,Bstd:158.8,StrandBias:-0.0,Multiplicity:1.33
0.029	0.001	0.969	0.001
0.150	0.101	0.748	0.001
0.832	0.001	0.089	0.078
0.049	0.001	0.949	0.001
0.889	0.049	0.061	0.001
0.001	0.037	0.961	0.001
0.883	0.115	0.001	0.001
0.848	0.001	0.052	0.099
>TGCTTGCT	7-TGCTTGCT	5.533588	-84.498498	0	T:2889.0(59.24%),B:21958.6(50.14%),P:1e-36	Tpos:247.1,Tstd:138.5,Bpos:249.2,Bstd:156.3,StrandBias:0.1,Multiplicity:1.47
0.024	0.090	0.066	0.820
0.060	0.110	0.756	0.074
0.053	0.765	0.116	0.066
0.065	0.093	0.085	0.757
0.061	0.107	0.099	0.733
0.135	0.080	0.579	0.206
0.018	0.838	0.078	0.066
0.085	0.090	0.068	0.757
>ACCTGCTC	8-ACCTGCTC	5.780350	-81.961787	0	T:2133.0(43.74%),B:15341.4(35.03%),P:1e-35	Tpos:249.3,Tstd:135.8,Bpos:252.1,Bstd:155.1,StrandBias:0.0,Multiplicity:1.30
0.890	0.001	0.037	0.072
0.058	0.873	0.068	0.001
0.090	0.879	0.030	0.001
0.035	0.001	0.001	0.963
0.001	0.129	0.793	0.077
0.001	0.966	0.001	0.032
0.025	0.068	0.027	0.880
0.049	0.847	0.061	0.043
>TGMAACTG	9-TGMAACTG	5.699977	-73.708469	0	T:3016.0(61.84%),B:23392.1(53.41%),P:1e-32	Tpos:249.0,Tstd:142.1,Bpos:251.6,Bstd:156.3,StrandBias:-0.1,Multiplicity:1.38
0.167	0.077	0.151	0.605
0.280	0.001	0.718	0.001
0.482	0.446	0.001	0.071
0.815	0.161	0.013	0.011
0.512	0.007	0.203	0.278
0.214	0.417	0.265	0.105
0.310	0.121	0.008	0.561
0.031	0.001	0.957	0.011
>GTGGTTAD	10-GTGGTTAD	6.428671	-71.436290	0	T:2065.0(42.34%),B:15011.6(34.28%),P:1e-31	Tpos:252.8,Tstd:144.4,Bpos:249.5,Bstd:151.1,StrandBias:0.1,Multiplicity:1.23
0.065	0.005	0.583	0.347
0.001	0.001	0.001	0.997
0.001	0.001	0.997	0.001
0.223	0.001	0.773	0.003
0.001	0.001	0.001	0.997
0.179	0.058	0.001	0.762
0.502	0.001	0.335	0.162
0.322	0.001	0.389	0.288
>TCWGACCG	11-TCWGACCG	5.354437	-61.122318	0	T:1730.0(35.47%),B:12423.7(28.37%),P:1e-26	Tpos:250.5,Tstd:142.1,Bpos:249.3,Bstd:158.3,StrandBias:0.1,Multiplicity:1.22
0.001	0.001	0.198	0.800
0.008	0.712	0.142	0.138
0.219	0.199	0.215	0.367
0.400	0.001	0.598	0.001
0.867	0.001	0.131	0.001
0.164	0.580	0.183	0.073
0.044	0.954	0.001	0.001
0.174	0.001	0.730	0.095
>CTGCTGCT	12-CTGCTGCT	5.769531	-58.415280	0	T:2532.0(51.92%),B:19448.3(44.41%),P:1e-25	Tpos:249.7,Tstd:140.5,Bpos:249.6,Bstd:156.1,StrandBias:-0.0,Multiplicity:1.32
0.001	0.766	0.072	0.161
0.001	0.001	0.068	0.930
0.050	0.001	0.799	0.150
0.017	0.910	0.001	0.072
0.037	0.001	0.001	0.961
0.024	0.042	0.887	0.047
0.060	0.909	0.001	0.030
0.001	0.001	0.015	0.983
>TCTGTCAG	13-TCTGTCAG	7.250907	-53.892440	0	T:1454.0(29.81%),B:10301.5(23.52%),P:1e-23	Tpos:255.5,Tstd:138.1,Bpos:251.7,Bstd:154.8,StrandBias:0.0,Multiplicity:1.15
0.151	0.198	0.199	0.452
0.002	0.861	0.055	0.082
0.303	0.001	0.019	0.677
0.001	0.001	0.669	0.329
0.114	0.005	0.052	0.829
0.001	0.961	0.001	0.037
0.935	0.021	0.006	0.038
0.001	0.001	0.997	0.001
>AMAAMCCG	14-AMAAMCCG	5.110055	-50.931110	0	T:1991.0(40.82%),B:14930.1(34.09%),P:1e-22	Tpos:247.9,Tstd:144.3,Bpos:250.5,Bstd:159.1,StrandBias:0.0,Multiplicity:1.22
0.588	0.040	0.336	0.036
0.460	0.432	0.076	0.032
0.711	0.165	0.053	0.071
0.830	0.001	0.049	0.120
0.378	0.492	0.069	0.061
0.070	0.795	0.057	0.078
0.001	0.659	0.076	0.264
0.061	0.028	0.857	0.054
>GAGAGAGA	15-GAGAGAGA	7.023653	-45.325407	0	T:1549.0(31.76%),B:11327.9(25.87%),P:1e-19	Tpos:256.8,Tstd:127.3,Bpos:246.1,Bstd:166.7,StrandBias:0.0,Multiplicity:1.47
0.001	0.001	0.997	0.001
0.960	0.001	0.001	0.038
0.133	0.001	0.865	0.001
0.997	0.001	0.001	0.001
0.094	0.001	0.904	0.001
0.929	0.027	0.001	0.043
0.100	0.046	0.853	0.001
0.997	0.001	0.001	0.001
>ATTWGCRC	16-ATTWGCRC	5.781497	-35.401828	0	T:1460.0(29.94%),B:10880.3(24.84%),P:1e-15	Tpos:257.8,Tstd:148.7,Bpos:250.3,Bstd:153.0,StrandBias:0.0,Multiplicity:1.16
0.716	0.082	0.116	0.086
0.289	0.001	0.001	0.709
0.001	0.001	0.001	0.997
0.406	0.197	0.001	0.396
0.001	0.001	0.997	0.001
0.001	0.997	0.001	0.001
0.517	0.001	0.481	0.001
0.338	0.596	0.001	0.065
>RCGCGMCG	17-RCGCGMCG	5.540030	-34.981602	0	T:755.0(15.48%),B:5098.9(11.64%),P:1e-15	Tpos:253.8,Tstd:148.7,Bpos:248.4,Bstd:174.4,StrandBias:-0.1,Multiplicity:1.79
0.360	0.187	0.452	0.001
0.254	0.744	0.001	0.001
0.001	0.001	0.997	0.001
0.258	0.510	0.175	0.057
0.001	0.001	0.997	0.001
0.428	0.312	0.239	0.022
0.283	0.475	0.241	0.001
0.234	0.221	0.493	0.052
>ACGTCACC	18-ACGTCACC	6.098373	-34.581338	0	T:969.0(19.87%),B:6828.1(15.59%),P:1e-15	Tpos:243.7,Tstd:138.9,Bpos:248.4,Bstd:155.5,StrandBias:-0.2,Multiplicity:1.15
0.973	0.001	0.025	0.001
0.102	0.861	0.001	0.036
0.179	0.068	0.752	0.001
0.033	0.001	0.001	0.965
0.084	0.852	0.047	0.017
0.968	0.030	0.001	0.001
0.041	0.854	0.104	0.001
0.051	0.795	0.095	0.059
>ACGCCGAC	19-ACGCCGAC	5.161863	-34.033418	0	T:1001.0(20.52%),B:7104.4(16.22%),P:1e-14	Tpos:254.1,Tstd:143.3,Bpos:253.9,Bstd:166.6,StrandBias:0.1,Multiplicity:1.31
0.671	0.134	0.106	0.089
0.055	0.777	0.049	0.119
0.075	0.121	0.735	0.069
0.069	0.798	0.059	0.074
0.090	0.683	0.091	0.136
0.084	0.018	0.861	0.037
0.676	0.171	0.112	0.041
0.073	0.803	0.070	0.054
>TTCCGCGG	20-TTCCGCGG	4.921823	-30.524036	0	T:1154.0(23.66%),B:8471.6(19.34%),P:1e-13	Tpos:249.7,Tstd:145.1,Bpos:250.4,Bstd:166.0,StrandBias:-0.1,Multiplicity:1.39
0.007	0.366	0.011	0.616
0.237	0.268	0.001	0.495
0.039	0.468	0.224	0.269
0.176	0.479	0.233	0.112
0.001	0.271	0.727	0.001
0.005	0.993	0.001	0.001
0.123	0.188	0.688	0.001
0.216	0.211	0.459	0.113
>GAATGGAA	21-GAATGGAA	7.146293	-18.849676	0	T:658.0(13.49%),B:4759.2(10.87%),P:1e-8	Tpos:254.7,Tstd:141.9,Bpos:245.9,Bstd:158.5,StrandBias:0.1,Multiplicity:1.49
0.001	0.001	0.934	0.064
0.997	0.001	0.001	0.001
0.997	0.001	0.001	0.001
0.277	0.180	0.001	0.542
0.001	0.076	0.922	0.001
0.001	0.001	0.997	0.001
0.997	0.001	0.001	0.001
0.997	0.001	0.001	0.001
>CAATCGCG	22-CAATCGCG	8.236954	-17.853806	0	T:18.0(0.37%),B:30.4(0.07%),P:1e-7	Tpos:216.0,Tstd:153.4,Bpos:308.1,Bstd:176.4,StrandBias:-1.0,Multiplicity:1.06
0.100	0.700	0.100	0.100
0.700	0.100	0.100	0.100
0.700	0.100	0.100	0.100
0.100	0.100	0.100	0.700
0.100	0.700	0.100	0.100
0.100	0.100	0.700	0.100
0.100	0.700	0.100	0.100
0.100	0.100	0.700	0.100
>CATCCATC	23-CATCCATC	3.859798	-12.348812	0	T:1218.0(24.97%),B:9757.9(22.28%),P:1e-5	Tpos:251.9,Tstd:138.3,Bpos:250.2,Bstd:152.3,StrandBias:0.3,Multiplicity:1.44
0.001	0.997	0.001	0.001
0.938	0.001	0.060	0.001
0.001	0.001	0.001	0.997
0.001	0.867	0.001	0.131
0.001	0.906	0.001	0.092
0.933	0.001	0.065	0.001
0.001	0.001	0.001	0.997
0.001	0.997	0.001	0.001
>GTGTGTGT	24-GTGTGTGT	4.345134	-8.708520	0	T:4710.0(96.58%),B:41842.9(95.54%),P:1e-3	Tpos:252.8,Tstd:136.5,Bpos:249.9,Bstd:167.8,StrandBias:-0.0,Multiplicity:4.11
0.100	0.100	0.700	0.100
0.100	0.100	0.100	0.700
0.100	0.100	0.700	0.100
0.100	0.100	0.100	0.700
0.100	0.100	0.700	0.100
0.100	0.100	0.100	0.700
0.100	0.100	0.700	0.100
0.100	0.100	0.100	0.700
>YGATGAYG	25-YGATGAYG	2.605001	-5.438627	0	T:2261.0(46.36%),B:19480.7(44.48%),P:1e-2	Tpos:245.7,Tstd:139.6,Bpos:250.5,Bstd:156.4,StrandBias:-0.1,Multiplicity:1.53
0.001	0.497	0.001	0.501
0.001	0.001	0.997	0.001
0.974	0.001	0.024	0.001
0.001	0.001	0.001	0.997
0.001	0.001	0.997	0.001
0.977	0.001	0.021	0.001
0.001	0.437	0.001	0.561
0.001	0.001	0.997	0.001
