>GTTTCABTTTCN	1-GTTTCABTTTCN	9.181865	-338.794772	0	T:604.0(12.38%),B:1587.5(3.62%),P:1e-147	Tpos:242.7,Tstd:138.8,Bpos:252.0,Bstd:160.4,StrandBias:-0.1,Multiplicity:1.09
0.106	0.329	0.480	0.085
0.067	0.005	0.057	0.871
0.009	0.060	0.002	0.929
0.043	0.031	0.005	0.921
0.043	0.840	0.005	0.112
0.609	0.052	0.154	0.185
0.130	0.305	0.347	0.218
0.065	0.003	0.031	0.901
0.117	0.096	0.009	0.778
0.118	0.206	0.060	0.616
0.068	0.495	0.162	0.275
0.299	0.205	0.196	0.300
>ARASAGGAAGTG	2-ARASAGGAAGTG	7.130572	-151.783130	0	T:2470.0(50.65%),B:16851.6(38.48%),P:1e-65	Tpos:253.6,Tstd:131.5,Bpos:248.2,Bstd:156.7,StrandBias:-0.1,Multiplicity:1.36
0.524	0.028	0.287	0.161
0.423	0.067	0.397	0.114
0.660	0.023	0.284	0.033
0.239	0.437	0.312	0.012
0.962	0.025	0.012	0.001
0.016	0.001	0.982	0.001
0.001	0.005	0.993	0.001
0.805	0.139	0.033	0.023
0.889	0.001	0.032	0.078
0.195	0.023	0.771	0.011
0.199	0.130	0.139	0.532
0.277	0.141	0.516	0.066
>GCTGASTCAGCA	3-GCTGASTCAGCA	8.342674	-102.098663	0	T:492.0(10.09%),B:2234.7(5.10%),P:1e-44	Tpos:244.8,Tstd:136.3,Bpos:249.9,Bstd:154.3,StrandBias:0.1,Multiplicity:1.13
0.231	0.165	0.463	0.141
0.218	0.591	0.173	0.018
0.001	0.001	0.001	0.997
0.001	0.094	0.743	0.162
0.874	0.001	0.005	0.120
0.069	0.519	0.403	0.009
0.141	0.096	0.001	0.762
0.172	0.746	0.018	0.064
0.751	0.001	0.001	0.247
0.001	0.008	0.686	0.305
0.009	0.737	0.001	0.253
0.554	0.207	0.008	0.231
>TTTCTTCTCCTC	4-TTTCTTCTCCTC	6.762438	-97.410414	0	T:2325.0(47.67%),B:16649.2(38.02%),P:1e-42	Tpos:248.3,Tstd:133.7,Bpos:250.3,Bstd:157.8,StrandBias:0.0,Multiplicity:1.29
0.087	0.093	0.082	0.738
0.086	0.102	0.077	0.735
0.103	0.086	0.081	0.730
0.078	0.731	0.101	0.090
0.103	0.084	0.049	0.764
0.077	0.096	0.094	0.733
0.082	0.745	0.085	0.088
0.097	0.089	0.045	0.769
0.072	0.753	0.092	0.083
0.103	0.773	0.043	0.081
0.085	0.101	0.050	0.764
0.074	0.764	0.080	0.082
>RAAACCGAAANN	5-RAAACCGAAANN	4.986777	-74.499940	0	T:1703.0(34.92%),B:11876.1(27.12%),P:1e-32	Tpos:253.4,Tstd:137.2,Bpos:248.3,Bstd:161.0,StrandBias:-0.0,Multiplicity:1.36
0.392	0.199	0.267	0.141
0.410	0.226	0.188	0.176
0.579	0.127	0.192	0.102
0.637	0.170	0.112	0.081
0.088	0.536	0.283	0.093
0.001	0.893	0.105	0.001
0.026	0.018	0.953	0.003
0.579	0.108	0.221	0.092
0.677	0.149	0.126	0.048
0.623	0.153	0.162	0.062
0.321	0.249	0.224	0.207
0.197	0.289	0.291	0.222
>ACTCACTCACTC	6-ACTCACTCACTC	6.347870	-35.892983	0	T:1282.0(26.29%),B:9370.8(21.40%),P:1e-15	Tpos:258.9,Tstd:134.9,Bpos:247.6,Bstd:158.4,StrandBias:0.2,Multiplicity:1.26
0.834	0.043	0.061	0.062
0.097	0.721	0.070	0.112
0.034	0.060	0.032	0.874
0.034	0.896	0.052	0.018
0.819	0.056	0.075	0.050
0.026	0.823	0.054	0.097
0.073	0.091	0.025	0.811
0.018	0.858	0.082	0.042
0.879	0.061	0.024	0.036
0.038	0.753	0.036	0.173
0.073	0.045	0.015	0.867
0.050	0.867	0.029	0.054
>GTGTGTTGTGTG	7-GTGTGTTGTGTG	11.675047	-32.109632	0	T:69.0(1.41%),B:209.5(0.48%),P:1e-13	Tpos:233.1,Tstd:129.5,Bpos:242.6,Bstd:233.2,StrandBias:0.2,Multiplicity:3.99
0.069	0.025	0.766	0.140
0.009	0.015	0.026	0.950
0.034	0.006	0.919	0.041
0.001	0.037	0.061	0.901
0.091	0.026	0.766	0.117
0.030	0.009	0.373	0.588
0.063	0.038	0.304	0.595
0.093	0.065	0.570	0.272
0.029	0.051	0.093	0.827
0.156	0.012	0.763	0.069
0.001	0.053	0.004	0.942
0.172	0.041	0.701	0.086
>GTGCAGGTGATG	8-GTGCAGGTGATG	-0.559427	-29.598208	0	T:521.0(10.68%),B:3387.6(7.74%),P:1e-12	Tpos:259.1,Tstd:135.0,Bpos:247.6,Bstd:154.5,StrandBias:0.2,Multiplicity:1.08
0.001	0.001	0.997	0.001
0.001	0.001	0.001	0.997
0.001	0.001	0.997	0.001
0.001	0.997	0.001	0.001
0.997	0.001	0.001	0.001
0.001	0.001	0.997	0.001
0.001	0.001	0.997	0.001
0.001	0.001	0.001	0.997
0.035	0.001	0.963	0.001
0.997	0.001	0.001	0.001
0.001	0.001	0.001	0.997
0.001	0.001	0.997	0.001
>GCGCATGCGCAG	9-GCGCATGCGCAG	9.773074	-28.153012	0	T:97.0(1.99%),B:384.0(0.88%),P:1e-12	Tpos:251.8,Tstd:132.6,Bpos:250.0,Bstd:153.0,StrandBias:-0.2,Multiplicity:1.24
0.102	0.012	0.885	0.001
0.073	0.797	0.071	0.059
0.068	0.001	0.861	0.070
0.024	0.905	0.070	0.001
0.751	0.095	0.075	0.079
0.098	0.111	0.057	0.734
0.001	0.046	0.941	0.012
0.031	0.801	0.052	0.116
0.035	0.080	0.828	0.057
0.001	0.946	0.001	0.052
0.819	0.086	0.047	0.048
0.068	0.114	0.730	0.088
>AGASASASAGAS	10-AGASASASAGAS	10.015816	-27.732719	0	T:799.0(16.38%),B:5638.8(12.88%),P:1e-12	Tpos:265.9,Tstd:124.9,Bpos:243.8,Bstd:178.7,StrandBias:0.2,Multiplicity:1.53
0.984	0.010	0.005	0.001
0.006	0.414	0.579	0.001
0.991	0.007	0.001	0.001
0.181	0.356	0.461	0.001
0.997	0.001	0.001	0.001
0.206	0.328	0.456	0.010
0.990	0.001	0.001	0.008
0.140	0.355	0.504	0.001
0.950	0.005	0.001	0.044
0.255	0.259	0.486	0.001
0.988	0.010	0.001	0.001
0.183	0.376	0.440	0.001
>GCAGGTGATGCT	11-GCAGGTGATGCT	9.280672	-22.410112	0	T:182.0(3.73%),B:993.0(2.27%),P:1e-9	Tpos:248.8,Tstd:136.5,Bpos:252.0,Bstd:157.4,StrandBias:-0.2,Multiplicity:1.03
0.078	0.051	0.814	0.057
0.054	0.806	0.079	0.061
0.851	0.023	0.067	0.059
0.021	0.032	0.876	0.071
0.057	0.070	0.812	0.061
0.085	0.023	0.069	0.823
0.038	0.059	0.865	0.038
0.776	0.051	0.084	0.089
0.040	0.063	0.077	0.820
0.046	0.038	0.859	0.057
0.031	0.865	0.043	0.061
0.051	0.023	0.023	0.903
>AGTGCTGAGTGC	12-AGTGCTGAGTGC	12.625377	-22.197721	0	T:13.0(0.27%),B:10.7(0.02%),P:1e-9	Tpos:245.9,Tstd:128.8,Bpos:231.4,Bstd:119.8,StrandBias:2.6,Multiplicity:2.15
0.968	0.030	0.001	0.001
0.071	0.001	0.897	0.031
0.001	0.030	0.001	0.968
0.001	0.001	0.997	0.001
0.001	0.831	0.001	0.167
0.001	0.117	0.001	0.881
0.001	0.001	0.997	0.001
0.997	0.001	0.001	0.001
0.001	0.001	0.997	0.001
0.001	0.030	0.001	0.968
0.001	0.001	0.997	0.001
0.001	0.997	0.001	0.001
>GGTYATGTCATG	13-GGTYATGTCATG	14.872959	-19.847369	0	T:6.0(0.12%),B:0.6(0.00%),P:1e-8	Tpos:214.8,Tstd:135.7,Bpos:49.0,Bstd:0.0,StrandBias:10.0,Multiplicity:4.00
0.001	0.001	0.997	0.001
0.001	0.001	0.997	0.001
0.001	0.001	0.001	0.997
0.001	0.409	0.181	0.409
0.997	0.001	0.001	0.001
0.001	0.001	0.001	0.997
0.001	0.001	0.997	0.001
0.001	0.001	0.001	0.997
0.001	0.997	0.001	0.001
0.997	0.001	0.001	0.001
0.001	0.001	0.001	0.997
0.021	0.001	0.977	0.001
>TGTGTKGTGTGT	14-TGTGTKGTGTGT	9.218639	-19.315692	0	T:238.0(4.88%),B:1444.2(3.30%),P:1e-8	Tpos:238.9,Tstd:129.8,Bpos:242.6,Bstd:190.5,StrandBias:-0.1,Multiplicity:1.85
0.053	0.051	0.111	0.785
0.106	0.039	0.810	0.045
0.078	0.043	0.063	0.816
0.107	0.029	0.717	0.147
0.090	0.034	0.358	0.518
0.084	0.023	0.405	0.489
0.114	0.124	0.584	0.178
0.086	0.028	0.038	0.848
0.107	0.042	0.840	0.011
0.042	0.019	0.030	0.909
0.109	0.054	0.697	0.140
0.026	0.009	0.159	0.806
>GGCTTTGTCTTC	15-GGCTTTGTCTTC	-4.153635	-16.155193	0	T:1434.0(29.40%),B:11421.9(26.08%),P:1e-7	Tpos:245.5,Tstd:139.2,Bpos:248.8,Bstd:154.1,StrandBias:-0.0,Multiplicity:1.15
0.001	0.001	0.997	0.001
0.001	0.001	0.997	0.001
0.001	0.997	0.001	0.001
0.001	0.001	0.001	0.997
0.001	0.001	0.001	0.997
0.001	0.039	0.001	0.959
0.001	0.001	0.997	0.001
0.001	0.001	0.001	0.997
0.039	0.959	0.001	0.001
0.001	0.001	0.001	0.997
0.001	0.001	0.001	0.997
0.001	0.997	0.001	0.001
>TCCATTCCATTC	16-TCCATTCCATTC	4.648415	-14.514137	0	T:2613.0(53.58%),B:21926.9(50.07%),P:1e-6	Tpos:250.5,Tstd:135.3,Bpos:248.3,Bstd:155.1,StrandBias:0.1,Multiplicity:1.49
0.029	0.043	0.031	0.897
0.055	0.889	0.025	0.031
0.059	0.797	0.100	0.044
0.730	0.045	0.088	0.137
0.064	0.035	0.066	0.835
0.037	0.026	0.064	0.873
0.022	0.930	0.020	0.028
0.070	0.784	0.070	0.076
0.708	0.061	0.100	0.131
0.033	0.038	0.105	0.824
0.031	0.042	0.027	0.900
0.063	0.835	0.022	0.080
>AYCAYCAYCAYC	17-AYCAYCAYCAYC	9.703976	-12.937084	0	T:131.0(2.69%),B:768.2(1.75%),P:1e-5	Tpos:230.4,Tstd:130.3,Bpos:262.0,Bstd:143.5,StrandBias:0.2,Multiplicity:2.56
0.916	0.048	0.021	0.015
0.087	0.374	0.021	0.518
0.113	0.781	0.004	0.102
0.838	0.040	0.052	0.070
0.036	0.406	0.022	0.536
0.001	0.925	0.001	0.073
0.888	0.042	0.069	0.001
0.089	0.352	0.094	0.465
0.008	0.874	0.001	0.117
0.883	0.034	0.056	0.027
0.018	0.411	0.024	0.547
0.051	0.843	0.029	0.077
>TMACTCARCCCA	18-TMACTCARCCCA	13.289995	-11.488221	0	T:10.0(0.21%),B:15.9(0.04%),P:1e-4	Tpos:207.5,Tstd:115.4,Bpos:285.5,Bstd:152.8,StrandBias:1.2,Multiplicity:2.22
0.001	0.001	0.001	0.997
0.353	0.482	0.164	0.001
0.997	0.001	0.001	0.001
0.001	0.997	0.001	0.001
0.001	0.001	0.001	0.997
0.164	0.753	0.082	0.001
0.997	0.001	0.001	0.001
0.472	0.164	0.364	0.001
0.245	0.753	0.001	0.001
0.001	0.988	0.001	0.010
0.010	0.988	0.001	0.001
0.835	0.001	0.001	0.163
>CATCCATCCATC	19-CATCCATCCATC	10.355628	-11.470943	0	T:56.0(1.15%),B:267.3(0.61%),P:1e-4	Tpos:275.6,Tstd:133.7,Bpos:251.8,Bstd:126.8,StrandBias:0.8,Multiplicity:2.59
0.032	0.863	0.029	0.076
0.822	0.046	0.065	0.067
0.055	0.056	0.020	0.869
0.035	0.794	0.059	0.112
0.075	0.821	0.017	0.087
0.856	0.035	0.063	0.046
0.040	0.087	0.030	0.843
0.041	0.788	0.027	0.144
0.046	0.853	0.002	0.099
0.823	0.057	0.061	0.059
0.039	0.083	0.032	0.846
0.052	0.827	0.027	0.094
>TGTGTGTGTCTG	20-TGTGTGTGTCTG	8.876715	-11.265686	0	T:585.0(12.00%),B:4433.3(10.12%),P:1e-4	Tpos:248.4,Tstd:138.0,Bpos:250.7,Bstd:173.5,StrandBias:-0.4,Multiplicity:1.35
0.080	0.063	0.083	0.774
0.083	0.091	0.728	0.098
0.085	0.055	0.082	0.778
0.091	0.092	0.729	0.088
0.075	0.058	0.078	0.789
0.081	0.090	0.727	0.102
0.074	0.063	0.076	0.787
0.083	0.082	0.733	0.102
0.086	0.088	0.079	0.747
0.090	0.643	0.157	0.110
0.098	0.037	0.047	0.818
0.080	0.079	0.747	0.094
>TGACTGAGGTGA	21-TGACTGAGGTGA	8.463612	-11.167246	0	T:348.0(7.14%),B:2491.7(5.69%),P:1e-4	Tpos:240.7,Tstd:133.5,Bpos:253.9,Bstd:149.7,StrandBias:0.0,Multiplicity:1.09
0.100	0.100	0.100	0.700
0.100	0.100	0.700	0.100
0.700	0.100	0.100	0.100
0.100	0.700	0.100	0.100
0.100	0.100	0.100	0.700
0.100	0.100	0.700	0.100
0.700	0.100	0.100	0.100
0.100	0.100	0.700	0.100
0.100	0.100	0.700	0.100
0.100	0.100	0.100	0.700
0.100	0.100	0.700	0.100
0.700	0.100	0.100	0.100
>GTGTGTGTGTGT	22-GTGTGTGTGTGT	10.409522	-9.725172	0	T:324.0(6.64%),B:2344.4(5.35%),P:1e-4	Tpos:248.0,Tstd:126.9,Bpos:252.9,Bstd:188.8,StrandBias:0.1,Multiplicity:2.21
0.100	0.100	0.700	0.100
0.100	0.100	0.100	0.700
0.100	0.100	0.700	0.100
0.100	0.100	0.100	0.700
0.100	0.100	0.700	0.100
0.100	0.100	0.100	0.700
0.100	0.100	0.700	0.100
0.100	0.100	0.100	0.700
0.100	0.100	0.700	0.100
0.100	0.100	0.100	0.700
0.100	0.100	0.700	0.100
0.100	0.100	0.100	0.700
>CAGGGGTGACTC	23-CAGGGGTGACTC	12.355432	-8.460512	0	T:3.0(0.06%),B:1.0(0.00%),P:1e-3	Tpos:164.1,Tstd:88.7,Bpos:163.0,Bstd:0.0,StrandBias:2.3,Multiplicity:4.00
0.100	0.700	0.100	0.100
0.700	0.100	0.100	0.100
0.100	0.100	0.700	0.100
0.100	0.100	0.700	0.100
0.100	0.100	0.700	0.100
0.100	0.100	0.700	0.100
0.100	0.100	0.100	0.700
0.100	0.100	0.700	0.100
0.700	0.100	0.100	0.100
0.100	0.700	0.100	0.100
0.100	0.100	0.100	0.700
0.100	0.700	0.100	0.100
>CGGTGTGAAGCG	24-CGGTGTGAAGCG	14.179987	-6.463836	0	T:3.0(0.06%),B:2.5(0.01%),P:1e-2	Tpos:239.6,Tstd:158.4,Bpos:309.5,Bstd:149.4,StrandBias:10.0,Multiplicity:4.33
0.001	0.997	0.001	0.001
0.001	0.001	0.997	0.001
0.001	0.001	0.997	0.001
0.001	0.001	0.001	0.997
0.001	0.001	0.997	0.001
0.001	0.001	0.001	0.997
0.001	0.001	0.997	0.001
0.997	0.001	0.001	0.001
0.709	0.001	0.289	0.001
0.001	0.001	0.997	0.001
0.001	0.692	0.001	0.306
0.001	0.001	0.997	0.001
>TCATAGATAATC	25-TCATAGATAATC	12.355432	-1.611095	0	T:1.0(0.02%),B:2.4(0.01%),P:1e0	Tpos:216.3,Tstd:145.6,Bpos:283.5,Bstd:166.4,StrandBias:10.0,Multiplicity:11.00
0.100	0.100	0.100	0.700
0.100	0.700	0.100	0.100
0.700	0.100	0.100	0.100
0.100	0.100	0.100	0.700
0.700	0.100	0.100	0.100
0.100	0.100	0.700	0.100
0.700	0.100	0.100	0.100
0.100	0.100	0.100	0.700
0.700	0.100	0.100	0.100
0.700	0.100	0.100	0.100
0.100	0.100	0.100	0.700
0.100	0.700	0.100	0.100
