>RTGRTGRTGATG	17-RTGRTGRTGATG	13.009802	-16.438498	0	T:23.0(0.47%),B:53.3(0.12%),P:1e-7
0.464	0.050	0.470	0.016
0.012	0.050	0.009	0.929
0.085	0.049	0.820	0.046
0.420	0.030	0.527	0.023
0.028	0.073	0.030	0.869
0.108	0.008	0.873	0.011
0.464	0.015	0.467	0.054
0.009	0.034	0.022	0.935
0.114	0.005	0.864	0.017
0.550	0.007	0.394	0.049
0.001	0.017	0.023	0.959
0.045	0.006	0.947	0.002
