>TCCATTCCATTC	16-TCCATTCCATTC	4.648415	-14.514137	0	T:2613.0(53.58%),B:21926.9(50.07%),P:1e-6
0.029	0.043	0.031	0.897
0.055	0.889	0.025	0.031
0.059	0.797	0.100	0.044
0.730	0.045	0.088	0.137
0.064	0.035	0.066	0.835
0.037	0.026	0.064	0.873
0.022	0.930	0.020	0.028
0.070	0.784	0.070	0.076
0.708	0.061	0.100	0.131
0.033	0.038	0.105	0.824
0.031	0.042	0.027	0.900
0.063	0.835	0.022	0.080
