>TGTGTGTGTCTG	20-TGTGTGTGTCTG	8.876715	-11.265686	0	T:585.0(12.00%),B:4433.3(10.12%),P:1e-4
0.080	0.063	0.083	0.774
0.083	0.091	0.728	0.098
0.085	0.055	0.082	0.778
0.091	0.092	0.729	0.088
0.075	0.058	0.078	0.789
0.081	0.090	0.727	0.102
0.074	0.063	0.076	0.787
0.083	0.082	0.733	0.102
0.086	0.088	0.079	0.747
0.090	0.643	0.157	0.110
0.098	0.037	0.047	0.818
0.080	0.079	0.747	0.094
