>CATCCATCCATC	19-CATCCATCCATC	10.355628	-11.470943	0	T:56.0(1.15%),B:267.3(0.61%),P:1e-4
0.032	0.863	0.029	0.076
0.822	0.046	0.065	0.067
0.055	0.056	0.020	0.869
0.035	0.794	0.059	0.112
0.075	0.821	0.017	0.087
0.856	0.035	0.063	0.046
0.040	0.087	0.030	0.843
0.041	0.788	0.027	0.144
0.046	0.853	0.002	0.099
0.823	0.057	0.061	0.059
0.039	0.083	0.032	0.846
0.052	0.827	0.027	0.094
