>VNGTSGTTGTKT	12-VNGTSGTTGTKT	5.546009	-19.360695	0	T:582.0(11.93%),B:4129.3(9.42%),P:1e-8
0.357	0.229	0.252	0.161
0.226	0.330	0.218	0.226
0.161	0.093	0.619	0.127
0.068	0.212	0.119	0.601
0.102	0.446	0.359	0.094
0.089	0.077	0.800	0.034
0.091	0.080	0.099	0.730
0.153	0.258	0.085	0.504
0.165	0.136	0.538	0.161
0.136	0.192	0.102	0.570
0.241	0.122	0.391	0.246
0.201	0.184	0.201	0.413
