>GAGTGAGTGAGT	6-ACTCACTCACTC	6.347870	-35.892983	0	T:1282.0(26.29%),B:9370.8(21.40%),P:1e-15
0.054	0.029	0.867	0.050
0.867	0.015	0.045	0.073
0.173	0.036	0.753	0.038
0.036	0.024	0.061	0.879
0.042	0.082	0.858	0.018
0.811	0.025	0.091	0.073
0.097	0.054	0.823	0.026
0.050	0.075	0.056	0.819
0.018	0.052	0.896	0.034
0.874	0.032	0.060	0.034
0.112	0.070	0.721	0.097
0.062	0.061	0.043	0.834
