>GTGTGTTGTGTG	7-GTGTGTTGTGTG	11.675047	-32.109632	0	T:69.0(1.41%),B:209.5(0.48%),P:1e-13
0.069	0.025	0.766	0.140
0.009	0.015	0.026	0.950
0.034	0.006	0.919	0.041
0.001	0.037	0.061	0.901
0.091	0.026	0.766	0.117
0.030	0.009	0.373	0.588
0.063	0.038	0.304	0.595
0.093	0.065	0.570	0.272
0.029	0.051	0.093	0.827
0.156	0.012	0.763	0.069
0.001	0.053	0.004	0.942
0.172	0.041	0.701	0.086
