>TTTCTTCTCCTC	4-TTTCTTCTCCTC,BestGuess:Mecom/MA0029.1/Jaspar(0.591)	6.762438	-97.410414	0	T:2325.0(47.67%),B:16649.2(38.02%),P:1e-42
0.087	0.093	0.082	0.738
0.086	0.102	0.077	0.735
0.103	0.086	0.081	0.730
0.078	0.731	0.101	0.090
0.103	0.084	0.049	0.764
0.077	0.096	0.094	0.733
0.082	0.745	0.085	0.088
0.097	0.089	0.045	0.769
0.072	0.753	0.092	0.083
0.103	0.773	0.043	0.081
0.085	0.101	0.050	0.764
0.074	0.764	0.080	0.082
