>GRTGRTGRTGRT	17-AYCAYCAYCAYC	9.703976	-12.937084	0	T:131.0(2.69%),B:768.2(1.75%),P:1e-5
0.077	0.029	0.843	0.051
0.547	0.024	0.411	0.018
0.027	0.056	0.034	0.883
0.117	0.001	0.874	0.008
0.465	0.094	0.352	0.089
0.001	0.069	0.042	0.888
0.073	0.001	0.925	0.001
0.536	0.022	0.406	0.036
0.070	0.052	0.040	0.838
0.102	0.004	0.781	0.113
0.518	0.021	0.374	0.087
0.015	0.021	0.048	0.916
