>ACTCACTCACTC	6-ACTCACTCACTC,BestGuess:JUNB/MA0490.1/Jaspar(0.620)	6.347870	-35.892983	0	T:1282.0(26.29%),B:9370.8(21.40%),P:1e-15
0.834	0.043	0.061	0.062
0.097	0.721	0.070	0.112
0.034	0.060	0.032	0.874
0.034	0.896	0.052	0.018
0.819	0.056	0.075	0.050
0.026	0.823	0.054	0.097
0.073	0.091	0.025	0.811
0.018	0.858	0.082	0.042
0.879	0.061	0.024	0.036
0.038	0.753	0.036	0.173
0.073	0.045	0.015	0.867
0.050	0.867	0.029	0.054
