>AYCAYCAYCAYC	17-AYCAYCAYCAYC,BestGuess:PH0017.1_Cux1_2/Jaspar(0.623)	9.703976	-12.937084	0	T:131.0(2.69%),B:768.2(1.75%),P:1e-5
0.916	0.048	0.021	0.015
0.087	0.374	0.021	0.518
0.113	0.781	0.004	0.102
0.838	0.040	0.052	0.070
0.036	0.406	0.022	0.536
0.001	0.925	0.001	0.073
0.888	0.042	0.069	0.001
0.089	0.352	0.094	0.465
0.008	0.874	0.001	0.117
0.883	0.034	0.056	0.027
0.018	0.411	0.024	0.547
0.051	0.843	0.029	0.077
