>GCGCATGCGCAG	9-GCGCATGCGCAG	9.773074	-28.153012	0	T:97.0(1.99%),B:384.0(0.88%),P:1e-12
0.102	0.012	0.885	0.001
0.073	0.797	0.071	0.059
0.068	0.001	0.861	0.070
0.024	0.905	0.070	0.001
0.751	0.095	0.075	0.079
0.098	0.111	0.057	0.734
0.001	0.046	0.941	0.012
0.031	0.801	0.052	0.116
0.035	0.080	0.828	0.057
0.001	0.946	0.001	0.052
0.819	0.086	0.047	0.048
0.068	0.114	0.730	0.088
