>GCAGGTGATGCT	11-GCAGGTGATGCT	9.280672	-22.410112	0	T:182.0(3.73%),B:993.0(2.27%),P:1e-9
0.078	0.051	0.814	0.057
0.054	0.806	0.079	0.061
0.851	0.023	0.067	0.059
0.021	0.032	0.876	0.071
0.057	0.070	0.812	0.061
0.085	0.023	0.069	0.823
0.038	0.059	0.865	0.038
0.776	0.051	0.084	0.089
0.040	0.063	0.077	0.820
0.046	0.038	0.859	0.057
0.031	0.865	0.043	0.061
0.051	0.023	0.023	0.903
