>RAAACCGAAANN	5-RAAACCGAAANN	4.986777	-74.499940	0	T:1703.0(34.92%),B:11876.1(27.12%),P:1e-32
0.392	0.199	0.267	0.141
0.410	0.226	0.188	0.176
0.579	0.127	0.192	0.102
0.637	0.170	0.112	0.081
0.088	0.536	0.283	0.093
0.001	0.893	0.105	0.001
0.026	0.018	0.953	0.003
0.579	0.108	0.221	0.092
0.677	0.149	0.126	0.048
0.623	0.153	0.162	0.062
0.321	0.249	0.224	0.207
0.197	0.289	0.291	0.222
