>GAGGAGAAGAAA	4-TTTCTTCTCCTC	6.762438	-97.410414	0	T:2325.0(47.67%),B:16649.2(38.02%),P:1e-42
0.082	0.080	0.764	0.074
0.764	0.050	0.101	0.085
0.081	0.043	0.773	0.103
0.083	0.092	0.753	0.072
0.769	0.045	0.089	0.097
0.088	0.085	0.745	0.082
0.733	0.094	0.096	0.077
0.764	0.049	0.084	0.103
0.090	0.101	0.731	0.078
0.730	0.081	0.086	0.103
0.735	0.077	0.102	0.086
0.738	0.082	0.093	0.087
