>ATCAYCAYCAYC	14-ATCAYCAYCAYC	12.507157	-17.461683	0	T:21.0(0.43%),B:42.1(0.10%),P:1e-7
0.941	0.032	0.020	0.007
0.054	0.349	0.001	0.596
0.059	0.753	0.008	0.180
0.820	0.075	0.045	0.060
0.018	0.408	0.062	0.512
0.005	0.816	0.001	0.178
0.853	0.042	0.056	0.049
0.036	0.477	0.112	0.375
0.040	0.853	0.001	0.106
0.872	0.045	0.056	0.027
0.023	0.442	0.018	0.517
0.039	0.893	0.003	0.065
