>TGTGTKGTGTGT	14-TGTGTKGTGTGT	9.218639	-19.315692	0	T:238.0(4.88%),B:1444.2(3.30%),P:1e-8
0.053	0.051	0.111	0.785
0.106	0.039	0.810	0.045
0.078	0.043	0.063	0.816
0.107	0.029	0.717	0.147
0.090	0.034	0.358	0.518
0.084	0.023	0.405	0.489
0.114	0.124	0.584	0.178
0.086	0.028	0.038	0.848
0.107	0.042	0.840	0.011
0.042	0.019	0.030	0.909
0.109	0.054	0.697	0.140
0.026	0.009	0.159	0.806
