>GGAAGAGCAG	1-GGAAGAGCAG	6.447742	-148.549343	0	T:4652.0(52.08%),B:17503.6(43.11%),P:1e-64	Tpos:249.0,Tstd:134.6,Bpos:250.3,Bstd:157.4,StrandBias:-0.0,Multiplicity:1.42
0.054	0.035	0.859	0.052
0.085	0.056	0.792	0.067
0.779	0.098	0.083	0.040
0.810	0.038	0.099	0.053
0.057	0.077	0.816	0.050
0.791	0.035	0.106	0.068
0.078	0.038	0.838	0.046
0.110	0.738	0.090	0.062
0.835	0.037	0.057	0.071
0.104	0.083	0.748	0.065
>GGAAGAAGGG	2-GGAAGAAGGG	5.180559	-140.029141	0	T:5941.0(66.51%),B:23544.5(57.98%),P:1e-60	Tpos:250.9,Tstd:135.5,Bpos:249.4,Bstd:156.1,StrandBias:-0.0,Multiplicity:1.52
0.054	0.043	0.831	0.072
0.066	0.066	0.840	0.028
0.780	0.059	0.076	0.085
0.773	0.054	0.098	0.075
0.065	0.051	0.832	0.052
0.781	0.077	0.074	0.068
0.776	0.056	0.082	0.086
0.073	0.026	0.845	0.056
0.047	0.040	0.848	0.065
0.091	0.083	0.693	0.133
>GAGGAGAGAA	3-GAGGAGAGAA	6.404373	-123.513622	0	T:5983.0(66.98%),B:23963.9(59.02%),P:1e-53	Tpos:248.6,Tstd:134.5,Bpos:249.9,Bstd:159.4,StrandBias:-0.0,Multiplicity:1.84
0.100	0.100	0.700	0.100
0.700	0.100	0.100	0.100
0.100	0.100	0.700	0.100
0.100	0.100	0.700	0.100
0.700	0.100	0.100	0.100
0.100	0.100	0.700	0.100
0.700	0.100	0.100	0.100
0.100	0.100	0.700	0.100
0.700	0.100	0.100	0.100
0.700	0.100	0.100	0.100
>GAGAGGAAAG	4-GAGAGGAAAG	6.616770	-113.303476	0	T:3887.0(43.51%),B:14574.1(35.89%),P:1e-49	Tpos:252.5,Tstd:137.8,Bpos:248.2,Bstd:158.7,StrandBias:-0.1,Multiplicity:1.29
0.027	0.061	0.867	0.045
0.852	0.027	0.063	0.058
0.084	0.047	0.805	0.064
0.835	0.052	0.043	0.070
0.071	0.031	0.714	0.184
0.051	0.073	0.812	0.064
0.808	0.031	0.071	0.090
0.867	0.037	0.059	0.037
0.779	0.072	0.074	0.075
0.088	0.063	0.664	0.185
>AACTCTTCCC	5-AACTCTTCCC	6.489138	-86.729482	0	T:3410.0(38.17%),B:12877.7(31.71%),P:1e-37	Tpos:247.5,Tstd:137.1,Bpos:250.1,Bstd:155.4,StrandBias:-0.1,Multiplicity:1.19
0.759	0.088	0.113	0.040
0.723	0.146	0.047	0.084
0.049	0.824	0.066	0.061
0.089	0.042	0.037	0.832
0.066	0.837	0.032	0.065
0.043	0.079	0.036	0.842
0.053	0.046	0.075	0.826
0.064	0.803	0.030	0.103
0.086	0.795	0.051	0.068
0.094	0.758	0.061	0.087
>GTGTGTGTGS	6-GTGTGTGTGS	6.610152	-69.058537	0	T:2369.0(26.52%),B:8693.3(21.41%),P:1e-29	Tpos:249.2,Tstd:133.9,Bpos:249.6,Bstd:169.9,StrandBias:-0.1,Multiplicity:1.75
0.101	0.001	0.738	0.160
0.137	0.138	0.072	0.653
0.001	0.010	0.988	0.001
0.225	0.213	0.001	0.561
0.287	0.001	0.625	0.087
0.141	0.079	0.103	0.677
0.001	0.079	0.856	0.064
0.001	0.241	0.001	0.757
0.001	0.001	0.713	0.285
0.215	0.433	0.351	0.001
>CTCGCCTGCT	7-CTCGCCTGCT	6.507649	-68.970117	0	T:2618.0(29.31%),B:9748.7(24.01%),P:1e-29	Tpos:250.9,Tstd:135.2,Bpos:249.6,Bstd:152.7,StrandBias:-0.1,Multiplicity:1.14
0.068	0.779	0.097	0.056
0.108	0.059	0.038	0.795
0.043	0.800	0.087	0.070
0.090	0.091	0.742	0.077
0.060	0.779	0.045	0.116
0.082	0.778	0.059	0.081
0.055	0.042	0.051	0.852
0.061	0.048	0.787	0.104
0.045	0.888	0.029	0.038
0.048	0.069	0.079	0.804
>TTCCCTCTRC	8-TTCCCTCTRC	7.839467	-60.464734	0	T:1239.0(13.87%),B:4170.8(10.27%),P:1e-26	Tpos:243.6,Tstd:138.9,Bpos:252.0,Bstd:155.3,StrandBias:0.2,Multiplicity:1.07
0.001	0.047	0.001	0.951
0.001	0.117	0.001	0.881
0.001	0.713	0.285	0.001
0.144	0.745	0.110	0.001
0.051	0.751	0.001	0.197
0.123	0.073	0.001	0.803
0.001	0.727	0.133	0.139
0.066	0.001	0.001	0.932
0.542	0.001	0.456	0.001
0.001	0.997	0.001	0.001
>TCCATCCATC	9-TCCATCCATC	6.474547	-57.097482	0	T:2431.0(27.21%),B:9144.8(22.52%),P:1e-24	Tpos:249.1,Tstd:131.9,Bpos:247.5,Bstd:170.5,StrandBias:-0.1,Multiplicity:1.42
0.085	0.108	0.050	0.757
0.043	0.834	0.038	0.085
0.038	0.755	0.043	0.164
0.756	0.061	0.104	0.079
0.045	0.068	0.028	0.859
0.030	0.852	0.032	0.086
0.065	0.714	0.021	0.200
0.763	0.050	0.104	0.083
0.038	0.062	0.031	0.869
0.035	0.842	0.027	0.096
>GHGYCRGCGG	10-GHGYCRGCGG	5.904101	-47.543545	0	T:1693.0(18.95%),B:6194.8(15.26%),P:1e-20	Tpos:248.7,Tstd:143.4,Bpos:250.3,Bstd:148.2,StrandBias:0.0,Multiplicity:1.30
0.031	0.035	0.892	0.042
0.356	0.365	0.041	0.238
0.046	0.136	0.740	0.078
0.044	0.295	0.246	0.415
0.024	0.643	0.307	0.026
0.358	0.139	0.494	0.008
0.069	0.040	0.863	0.028
0.030	0.867	0.017	0.086
0.157	0.048	0.740	0.055
0.047	0.046	0.825	0.082
>GTGGABWGGA	11-GTGGABWGGA	7.343198	-29.197219	0	T:294.0(3.29%),B:852.4(2.10%),P:1e-12	Tpos:243.2,Tstd:141.7,Bpos:257.7,Bstd:161.8,StrandBias:0.3,Multiplicity:1.22
0.063	0.070	0.817	0.050
0.039	0.059	0.036	0.866
0.196	0.181	0.603	0.020
0.250	0.058	0.494	0.199
0.592	0.055	0.279	0.074
0.199	0.219	0.228	0.354
0.356	0.040	0.147	0.457
0.043	0.149	0.505	0.303
0.154	0.046	0.751	0.049
0.478	0.053	0.202	0.267
>GGCGTCGACG	12-GGCGTCGACG	6.590902	-26.142689	0	T:272.0(3.04%),B:796.6(1.96%),P:1e-11	Tpos:256.2,Tstd:140.9,Bpos:242.6,Bstd:144.8,StrandBias:-0.0,Multiplicity:1.09
0.077	0.040	0.826	0.057
0.106	0.054	0.757	0.083
0.035	0.824	0.072	0.069
0.095	0.085	0.763	0.057
0.064	0.041	0.072	0.823
0.044	0.783	0.088	0.085
0.040	0.079	0.843	0.038
0.770	0.082	0.033	0.115
0.066	0.770	0.118	0.046
0.056	0.079	0.846	0.019
>GAATGGAATG	13-GAATGGAATG	11.582756	-21.895013	0	T:60.0(0.67%),B:108.8(0.27%),P:1e-9	Tpos:253.4,Tstd:141.1,Bpos:247.1,Bstd:175.6,StrandBias:-0.7,Multiplicity:7.02
0.001	0.001	0.997	0.001
0.997	0.001	0.001	0.001
0.891	0.001	0.107	0.001
0.001	0.019	0.001	0.979
0.001	0.001	0.997	0.001
0.001	0.001	0.997	0.001
0.997	0.001	0.001	0.001
0.997	0.001	0.001	0.001
0.001	0.001	0.001	0.997
0.001	0.001	0.997	0.001
>TCSATTCCAT	14-TCSATTCCAT	11.855550	-16.014088	0	T:43.0(0.48%),B:78.3(0.19%),P:1e-6	Tpos:245.0,Tstd:125.6,Bpos:260.4,Bstd:197.2,StrandBias:0.3,Multiplicity:1.73
0.001	0.001	0.023	0.975
0.001	0.951	0.001	0.047
0.136	0.317	0.460	0.087
0.934	0.001	0.064	0.001
0.120	0.002	0.004	0.874
0.006	0.001	0.001	0.992
0.279	0.719	0.001	0.001
0.016	0.834	0.001	0.149
0.996	0.001	0.001	0.002
0.027	0.027	0.001	0.945
>GCACGCTAAC	15-GCACGCTAAC	10.122656	-15.853978	0	T:6.0(0.07%),B:1.7(0.00%),P:1e-6	Tpos:209.6,Tstd:108.6,Bpos:290.7,Bstd:200.4,StrandBias:-4.2,Multiplicity:3.33
0.001	0.001	0.997	0.001
0.001	0.997	0.001	0.001
0.973	0.001	0.025	0.001
0.001	0.997	0.001	0.001
0.001	0.001	0.997	0.001
0.001	0.997	0.001	0.001
0.001	0.001	0.001	0.997
0.973	0.001	0.001	0.025
0.997	0.001	0.001	0.001
0.001	0.997	0.001	0.001
>TGATGATGRT	16-TGATGATGRT	7.186275	-11.416064	0	T:1281.0(14.34%),B:5202.3(12.81%),P:1e-4	Tpos:263.8,Tstd:130.5,Bpos:247.0,Bstd:174.2,StrandBias:-0.2,Multiplicity:1.54
0.037	0.049	0.017	0.897
0.129	0.013	0.843	0.015
0.556	0.025	0.366	0.053
0.017	0.050	0.011	0.922
0.066	0.011	0.922	0.001
0.592	0.020	0.371	0.017
0.021	0.045	0.001	0.933
0.083	0.006	0.901	0.010
0.529	0.022	0.425	0.024
0.042	0.051	0.003	0.904
>GAAACACTCG	17-GAAACACTCG	10.296193	-10.187087	0	T:7.0(0.08%),B:4.8(0.01%),P:1e-4	Tpos:206.2,Tstd:137.9,Bpos:328.3,Bstd:108.9,StrandBias:-3.5,Multiplicity:2.00
0.100	0.100	0.700	0.100
0.700	0.100	0.100	0.100
0.700	0.100	0.100	0.100
0.700	0.100	0.100	0.100
0.100	0.700	0.100	0.100
0.700	0.100	0.100	0.100
0.100	0.700	0.100	0.100
0.100	0.100	0.100	0.700
0.100	0.700	0.100	0.100
0.100	0.100	0.700	0.100
>TCAACGTACG	18-TCAACGTACG	10.475129	-9.636122	0	T:6.0(0.07%),B:3.2(0.01%),P:1e-4	Tpos:231.9,Tstd:71.9,Bpos:251.4,Bstd:125.2,StrandBias:1.7,Multiplicity:2.83
0.001	0.001	0.039	0.959
0.001	0.959	0.001	0.039
0.997	0.001	0.001	0.001
0.959	0.001	0.039	0.001
0.001	0.997	0.001	0.001
0.001	0.001	0.997	0.001
0.001	0.001	0.001	0.997
0.959	0.039	0.001	0.001
0.001	0.997	0.001	0.001
0.001	0.001	0.997	0.001
>ACACAGAGAC	19-ACACAGAGAC	6.574141	-9.215601	0	T:1344.0(15.05%),B:5551.0(13.67%),P:1e-4	Tpos:246.3,Tstd:133.5,Bpos:248.3,Bstd:173.8,StrandBias:-0.1,Multiplicity:1.54
0.974	0.001	0.024	0.001
0.025	0.932	0.042	0.001
0.977	0.021	0.001	0.001
0.001	0.990	0.001	0.008
0.997	0.001	0.001	0.001
0.015	0.329	0.642	0.014
0.918	0.019	0.038	0.025
0.028	0.296	0.621	0.055
0.997	0.001	0.001	0.001
0.018	0.980	0.001	0.001
>GTAGGTAMGT	20-GTAGGTAMGT	12.813933	-6.811984	0	T:4.0(0.04%),B:2.6(0.01%),P:1e-2	Tpos:235.8,Tstd:150.8,Bpos:485.0,Bstd:0.0,StrandBias:0.0,Multiplicity:1.00
0.001	0.001	0.997	0.001
0.001	0.001	0.001	0.997
0.997	0.001	0.001	0.001
0.042	0.002	0.955	0.001
0.001	0.001	0.997	0.001
0.001	0.001	0.001	0.997
0.894	0.104	0.001	0.001
0.411	0.419	0.169	0.001
0.001	0.001	0.997	0.001
0.001	0.001	0.001	0.997
>GTTTGGTGTG	21-GTTTGGTGTG	10.296193	-6.030254	0	T:20.0(0.22%),B:44.4(0.11%),P:1e-2	Tpos:238.2,Tstd:115.0,Bpos:233.6,Bstd:159.4,StrandBias:-1.1,Multiplicity:1.89
0.100	0.100	0.700	0.100
0.100	0.100	0.100	0.700
0.100	0.100	0.100	0.700
0.100	0.100	0.100	0.700
0.100	0.100	0.700	0.100
0.100	0.100	0.700	0.100
0.100	0.100	0.100	0.700
0.100	0.100	0.700	0.100
0.100	0.100	0.100	0.700
0.100	0.100	0.700	0.100
>TAGCGGAGGA	22-TAGCGGAGGA	10.744420	-5.718088	0	T:18.0(0.20%),B:39.3(0.10%),P:1e-2	Tpos:248.5,Tstd:140.7,Bpos:255.6,Bstd:151.9,StrandBias:3.3,Multiplicity:2.20
0.049	0.294	0.206	0.451
0.950	0.001	0.048	0.001
0.001	0.001	0.901	0.097
0.001	0.997	0.001	0.001
0.001	0.116	0.882	0.001
0.001	0.001	0.997	0.001
0.627	0.371	0.001	0.001
0.117	0.098	0.736	0.049
0.001	0.001	0.997	0.001
0.666	0.284	0.001	0.049
>GTGCCGCGCG	23-GTGCCGCGCG	10.886462	-5.215656	0	T:5.0(0.06%),B:5.6(0.01%),P:1e-2	Tpos:186.6,Tstd:137.8,Bpos:339.3,Bstd:132.8,StrandBias:10.0,Multiplicity:2.60
0.001	0.001	0.997	0.001
0.001	0.001	0.001	0.997
0.001	0.001	0.997	0.001
0.144	0.854	0.001	0.001
0.001	0.997	0.001	0.001
0.001	0.001	0.997	0.001
0.001	0.985	0.007	0.007
0.001	0.007	0.625	0.367
0.001	0.997	0.001	0.001
0.001	0.001	0.997	0.001
>CGGCATGTGT	24-CGGCATGTGT	10.296193	-2.624668	0	T:5.0(0.06%),B:10.5(0.03%),P:1e-1	Tpos:218.4,Tstd:144.7,Bpos:160.1,Bstd:100.5,StrandBias:4.6,Multiplicity:5.20
0.100	0.700	0.100	0.100
0.100	0.100	0.700	0.100
0.100	0.100	0.700	0.100
0.100	0.700	0.100	0.100
0.700	0.100	0.100	0.100
0.100	0.100	0.100	0.700
0.100	0.100	0.700	0.100
0.100	0.100	0.100	0.700
0.100	0.100	0.700	0.100
0.100	0.100	0.100	0.700
>ATACACGTTC	25-ATACACGTTC	10.296193	-1.951827	0	T:2.0(0.02%),B:3.9(0.01%),P:1e0	Tpos:272.2,Tstd:145.3,Bpos:147.9,Bstd:58.0,StrandBias:10.0,Multiplicity:5.50
0.700	0.100	0.100	0.100
0.100	0.100	0.100	0.700
0.700	0.100	0.100	0.100
0.100	0.700	0.100	0.100
0.700	0.100	0.100	0.100
0.100	0.700	0.100	0.100
0.100	0.100	0.700	0.100
0.100	0.100	0.100	0.700
0.100	0.100	0.100	0.700
0.100	0.700	0.100	0.100
>CTCTTCCTTCTC	1-CTCTTCCTTCTC	7.486306	-149.002217	0	T:3195.0(35.77%),B:11163.0(27.49%),P:1e-64	Tpos:243.7,Tstd:134.2,Bpos:247.7,Bstd:157.2,StrandBias:0.2,Multiplicity:1.24
0.103	0.745	0.063	0.089
0.127	0.097	0.001	0.775
0.083	0.686	0.117	0.114
0.099	0.106	0.001	0.794
0.016	0.074	0.114	0.796
0.092	0.720	0.088	0.100
0.126	0.799	0.001	0.074
0.008	0.140	0.001	0.851
0.097	0.106	0.120	0.677
0.116	0.666	0.105	0.113
0.116	0.130	0.001	0.753
0.024	0.757	0.108	0.111
>TTTCCTCTCTCH	2-TTTCCTCTCTCH	7.021112	-105.472600	0	T:3124.0(34.97%),B:11382.4(28.03%),P:1e-45	Tpos:245.8,Tstd:135.2,Bpos:249.7,Bstd:155.6,StrandBias:0.1,Multiplicity:1.15
0.072	0.315	0.074	0.539
0.022	0.001	0.033	0.944
0.031	0.016	0.026	0.927
0.007	0.972	0.008	0.013
0.070	0.894	0.001	0.035
0.012	0.038	0.001	0.949
0.034	0.760	0.055	0.151
0.033	0.062	0.001	0.904
0.001	0.982	0.004	0.013
0.111	0.032	0.001	0.856
0.027	0.835	0.048	0.090
0.271	0.293	0.016	0.421
>RAAGAGGAGAGA	3-RAAGAGGAGAGA	0.435007	-93.459699	0	T:3119.0(34.92%),B:11524.3(28.38%),P:1e-40	Tpos:251.7,Tstd:132.2,Bpos:251.1,Bstd:160.1,StrandBias:0.0,Multiplicity:1.30
0.543	0.001	0.455	0.001
0.997	0.001	0.001	0.001
0.738	0.001	0.104	0.157
0.001	0.001	0.997	0.001
0.997	0.001	0.001	0.001
0.001	0.001	0.997	0.001
0.091	0.001	0.907	0.001
0.997	0.001	0.001	0.001
0.001	0.001	0.997	0.001
0.859	0.001	0.001	0.139
0.001	0.001	0.997	0.001
0.997	0.001	0.001	0.001
>GAGAGAGACAGA	4-GAGAGAGACAGA	7.236419	-52.493946	0	T:2088.0(23.37%),B:7768.4(19.13%),P:1e-22	Tpos:259.2,Tstd:130.5,Bpos:242.1,Bstd:171.0,StrandBias:-0.1,Multiplicity:1.26
0.092	0.093	0.736	0.079
0.774	0.040	0.091	0.095
0.081	0.095	0.740	0.084
0.789	0.038	0.094	0.079
0.095	0.099	0.725	0.081
0.781	0.048	0.079	0.092
0.110	0.086	0.725	0.079
0.756	0.071	0.098	0.075
0.108	0.674	0.133	0.085
0.815	0.038	0.066	0.081
0.093	0.090	0.740	0.077
0.745	0.075	0.095	0.085
>NTCCATCCATCH	5-NTCCATCCATCH	4.976245	-41.454885	0	T:5532.0(61.93%),B:23293.9(57.37%),P:1e-18	Tpos:251.6,Tstd:136.5,Bpos:248.3,Bstd:158.1,StrandBias:-0.0,Multiplicity:1.48
0.298	0.246	0.202	0.255
0.121	0.131	0.109	0.639
0.124	0.616	0.124	0.136
0.144	0.662	0.060	0.134
0.648	0.144	0.062	0.146
0.117	0.125	0.118	0.640
0.125	0.607	0.129	0.139
0.138	0.668	0.061	0.133
0.646	0.139	0.068	0.147
0.120	0.129	0.115	0.636
0.129	0.596	0.133	0.142
0.255	0.344	0.128	0.273
>GAATGGAATGGA	6-GAATGGAATGGA	14.363193	-39.545257	0	T:18.0(0.20%),B:5.0(0.01%),P:1e-17	Tpos:253.6,Tstd:143.6,Bpos:288.7,Bstd:159.1,StrandBias:-0.9,Multiplicity:7.44
0.025	0.018	0.906	0.051
0.860	0.025	0.074	0.041
0.637	0.110	0.227	0.026
0.017	0.031	0.011	0.941
0.057	0.104	0.797	0.042
0.032	0.028	0.886	0.054
0.902	0.014	0.063	0.021
0.662	0.121	0.147	0.070
0.017	0.038	0.030	0.915
0.042	0.168	0.752	0.038
0.090	0.024	0.825	0.061
0.922	0.020	0.028	0.030
>ATGGAATGGAAT	7-ATGGAATGGAAT	13.144507	-37.814098	0	T:23.0(0.26%),B:9.7(0.02%),P:1e-16	Tpos:256.4,Tstd:123.2,Bpos:80.4,Bstd:63.5,StrandBias:-1.1,Multiplicity:2.25
0.640	0.045	0.279	0.036
0.095	0.025	0.001	0.879
0.051	0.104	0.769	0.076
0.069	0.018	0.876	0.037
0.985	0.013	0.001	0.001
0.677	0.017	0.281	0.025
0.012	0.041	0.008	0.939
0.085	0.081	0.795	0.039
0.089	0.038	0.792	0.081
0.957	0.001	0.041	0.001
0.604	0.130	0.242	0.024
0.037	0.061	0.052	0.850
>CCATCCATCCAT	8-CCATCCATCCAT	6.891222	-37.529106	0	T:2126.0(23.80%),B:8200.8(20.20%),P:1e-16	Tpos:246.4,Tstd:131.8,Bpos:249.3,Bstd:171.8,StrandBias:-0.1,Multiplicity:1.37
0.065	0.764	0.072	0.099
0.097	0.758	0.030	0.115
0.729	0.092	0.057	0.122
0.083	0.100	0.072	0.745
0.071	0.749	0.080	0.100
0.084	0.776	0.028	0.112
0.755	0.091	0.054	0.100
0.082	0.104	0.070	0.744
0.078	0.730	0.081	0.111
0.084	0.778	0.028	0.110
0.756	0.085	0.059	0.100
0.085	0.119	0.081	0.715
>ACGCACAAGCAC	9-ACGCACAAGCAC	8.767271	-33.247337	0	T:358.0(4.01%),B:1053.8(2.60%),P:1e-14	Tpos:242.6,Tstd:134.4,Bpos:255.9,Bstd:167.8,StrandBias:0.1,Multiplicity:1.27
0.796	0.068	0.073	0.063
0.141	0.637	0.095	0.127
0.210	0.101	0.550	0.139
0.072	0.792	0.069	0.067
0.846	0.063	0.026	0.065
0.083	0.770	0.092	0.055
0.839	0.076	0.040	0.045
0.680	0.102	0.093	0.125
0.115	0.076	0.731	0.078
0.094	0.781	0.062	0.063
0.789	0.083	0.050	0.078
0.083	0.789	0.069	0.059
>TGCGCTSCTCTC	10-TGCGCTSCTCTC	9.018813	-30.630880	0	T:102.0(1.14%),B:200.7(0.49%),P:1e-13	Tpos:257.8,Tstd:122.9,Bpos:237.0,Bstd:145.0,StrandBias:0.7,Multiplicity:1.17
0.227	0.092	0.109	0.572
0.134	0.099	0.753	0.014
0.028	0.871	0.011	0.090
0.211	0.014	0.742	0.033
0.066	0.751	0.150	0.033
0.094	0.001	0.075	0.830
0.052	0.501	0.367	0.080
0.263	0.513	0.014	0.210
0.071	0.123	0.019	0.787
0.033	0.738	0.158	0.071
0.128	0.340	0.028	0.504
0.071	0.562	0.095	0.272
>CACACAACACAC	11-CACACAACACAC	7.312050	-28.555994	0	T:1004.0(11.24%),B:3651.9(8.99%),P:1e-12	Tpos:255.8,Tstd:132.5,Bpos:248.6,Bstd:179.6,StrandBias:-0.2,Multiplicity:1.67
0.070	0.782	0.069	0.079
0.786	0.071	0.055	0.088
0.077	0.756	0.077	0.090
0.772	0.083	0.041	0.104
0.113	0.733	0.075	0.079
0.706	0.148	0.059	0.087
0.654	0.164	0.100	0.082
0.102	0.741	0.077	0.080
0.777	0.091	0.056	0.076
0.073	0.757	0.075	0.095
0.789	0.076	0.054	0.081
0.078	0.748	0.074	0.100
>CGCGCACACACT	12-CGCGCACACACT	6.032852	-28.053556	0	T:484.0(5.42%),B:1576.0(3.88%),P:1e-12	Tpos:241.4,Tstd:130.1,Bpos:248.4,Bstd:171.8,StrandBias:0.0,Multiplicity:1.50
0.001	0.997	0.001	0.001
0.047	0.001	0.886	0.066
0.001	0.932	0.001	0.066
0.001	0.066	0.891	0.042
0.001	0.997	0.001	0.001
0.840	0.158	0.001	0.001
0.001	0.997	0.001	0.001
0.891	0.042	0.001	0.066
0.001	0.997	0.001	0.001
0.932	0.066	0.001	0.001
0.001	0.997	0.001	0.001
0.241	0.066	0.001	0.692
>RTGATGATGRTG	13-RTGATGATGRTG	12.485452	-26.671666	0	T:34.0(0.38%),B:35.7(0.09%),P:1e-11	Tpos:293.2,Tstd:118.5,Bpos:212.9,Bstd:173.7,StrandBias:-0.3,Multiplicity:2.56
0.462	0.044	0.468	0.025
0.076	0.087	0.001	0.836
0.229	0.001	0.769	0.001
0.555	0.036	0.375	0.034
0.047	0.001	0.001	0.951
0.145	0.001	0.853	0.001
0.556	0.032	0.367	0.045
0.088	0.081	0.012	0.819
0.179	0.001	0.819	0.001
0.490	0.022	0.464	0.024
0.050	0.110	0.001	0.839
0.239	0.001	0.759	0.001
>GGAATAGTGTGA	14-GGAATAGTGTGA	11.368366	-19.899476	0	T:25.0(0.28%),B:26.5(0.07%),P:1e-8	Tpos:284.7,Tstd:110.0,Bpos:254.1,Bstd:119.4,StrandBias:1.8,Multiplicity:1.80
0.008	0.103	0.815	0.074
0.202	0.104	0.664	0.030
0.728	0.051	0.088	0.133
0.690	0.030	0.250	0.030
0.015	0.086	0.015	0.884
0.849	0.030	0.106	0.015
0.059	0.059	0.823	0.059
0.225	0.074	0.015	0.686
0.030	0.079	0.847	0.044
0.044	0.045	0.074	0.837
0.060	0.059	0.851	0.030
0.763	0.059	0.030	0.148
>GATGRTGRTGRT	15-GATGRTGRTGRT	8.475433	-18.498631	0	T:580.0(6.49%),B:2081.8(5.13%),P:1e-8	Tpos:265.1,Tstd:130.6,Bpos:248.1,Bstd:187.2,StrandBias:-0.3,Multiplicity:2.04
0.208	0.014	0.742	0.036
0.551	0.032	0.388	0.029
0.061	0.065	0.022	0.852
0.238	0.008	0.718	0.036
0.536	0.033	0.407	0.024
0.071	0.043	0.003	0.883
0.147	0.021	0.831	0.001
0.549	0.017	0.411	0.023
0.086	0.082	0.024	0.808
0.225	0.001	0.763	0.011
0.500	0.014	0.485	0.001
0.044	0.066	0.008	0.882
>GAATGGAATSGA	16-GAATGGAATSGA	9.687134	-17.759336	0	T:164.0(1.84%),B:470.3(1.16%),P:1e-7	Tpos:231.5,Tstd:143.9,Bpos:240.7,Bstd:171.5,StrandBias:0.1,Multiplicity:1.78
0.020	0.057	0.894	0.029
0.905	0.030	0.016	0.049
0.858	0.050	0.070	0.022
0.097	0.110	0.006	0.787
0.055	0.030	0.793	0.122
0.028	0.012	0.889	0.071
0.961	0.016	0.018	0.005
0.853	0.018	0.103	0.026
0.051	0.022	0.011	0.916
0.064	0.393	0.486	0.058
0.168	0.012	0.788	0.032
0.967	0.016	0.001	0.016
>AKCCATCGAGTG	17-AKCCATCGAGTG	12.168083	-15.151252	0	T:10.0(0.11%),B:5.3(0.01%),P:1e-6	Tpos:256.6,Tstd:144.1,Bpos:367.7,Bstd:70.1,StrandBias:-1.8,Multiplicity:1.80
0.810	0.188	0.001	0.001
0.004	0.192	0.419	0.385
0.001	0.716	0.001	0.282
0.001	0.997	0.001	0.001
0.905	0.001	0.093	0.001
0.001	0.286	0.001	0.712
0.001	0.997	0.001	0.001
0.001	0.001	0.997	0.001
0.712	0.001	0.286	0.001
0.001	0.001	0.997	0.001
0.001	0.321	0.188	0.490
0.001	0.001	0.997	0.001
>CAAGATGCAYAC	18-CAAGATGCAYAC	11.393052	-14.161843	0	T:11.0(0.12%),B:7.3(0.02%),P:1e-6	Tpos:248.1,Tstd:146.0,Bpos:158.6,Bstd:144.9,StrandBias:3.9,Multiplicity:3.44
0.034	0.814	0.130	0.022
0.526	0.056	0.130	0.288
0.789	0.055	0.067	0.089
0.033	0.275	0.625	0.067
0.689	0.071	0.169	0.071
0.190	0.152	0.012	0.646
0.034	0.089	0.832	0.045
0.056	0.561	0.067	0.316
0.706	0.066	0.168	0.060
0.033	0.536	0.022	0.409
0.931	0.023	0.012	0.034
0.071	0.796	0.066	0.067
>ACACAGAGACAC	19-ACACAGAGACAC	11.153506	-12.952119	0	T:91.0(1.02%),B:245.5(0.60%),P:1e-5	Tpos:269.5,Tstd:129.4,Bpos:258.2,Bstd:182.3,StrandBias:-0.6,Multiplicity:2.16
0.752	0.085	0.093	0.070
0.098	0.718	0.095	0.089
0.787	0.077	0.044	0.092
0.083	0.750	0.093	0.074
0.818	0.025	0.062	0.095
0.100	0.127	0.686	0.087
0.787	0.037	0.082	0.094
0.103	0.134	0.665	0.098
0.748	0.084	0.093	0.075
0.082	0.746	0.088	0.084
0.804	0.076	0.037	0.083
0.099	0.726	0.094	0.081
>TGTCGGCATGTG	20-TGTCGGCATGTG	12.723797	-12.542170	0	T:5.0(0.06%),B:1.9(0.00%),P:1e-5	Tpos:255.1,Tstd:148.7,Bpos:312.8,Bstd:85.8,StrandBias:4.4,Multiplicity:5.50
0.001	0.001	0.001	0.997
0.001	0.001	0.997	0.001
0.001	0.001	0.001	0.997
0.001	0.784	0.001	0.214
0.001	0.001	0.997	0.001
0.001	0.001	0.997	0.001
0.001	0.997	0.001	0.001
0.997	0.001	0.001	0.001
0.027	0.001	0.001	0.971
0.001	0.001	0.997	0.001
0.001	0.001	0.001	0.997
0.001	0.001	0.971	0.027
>TCTGCTGTGCGT	21-TCTGCTGTGCGT	12.911290	-9.636122	0	T:6.0(0.07%),B:3.7(0.01%),P:1e-4	Tpos:233.5,Tstd:124.6,Bpos:147.9,Bstd:62.6,StrandBias:2.6,Multiplicity:3.50
0.027	0.001	0.001	0.971
0.001	0.997	0.001	0.001
0.001	0.001	0.001	0.997
0.001	0.001	0.971	0.027
0.001	0.997	0.001	0.001
0.001	0.001	0.001	0.997
0.001	0.027	0.971	0.001
0.001	0.001	0.027	0.971
0.001	0.001	0.997	0.001
0.001	0.997	0.001	0.001
0.001	0.001	0.997	0.001
0.001	0.001	0.001	0.997
>DNGCGTGCTCNN	22-DNGCGTGCTCNN	7.440990	-9.410644	0	T:4.0(0.04%),B:1.3(0.00%),P:1e-4	Tpos:200.7,Tstd:122.8,Bpos:351.0,Bstd:0.0,StrandBias:4.1,Multiplicity:4.50
0.219	0.195	0.224	0.361
0.301	0.262	0.213	0.224
0.146	0.122	0.586	0.146
0.085	0.735	0.090	0.090
0.067	0.041	0.813	0.079
0.117	0.236	0.111	0.536
0.128	0.178	0.577	0.117
0.125	0.584	0.166	0.125
0.163	0.111	0.227	0.499
0.213	0.478	0.157	0.152
0.283	0.213	0.285	0.219
0.219	0.312	0.219	0.251
>ATGAGATGAAAT	23-ATGAGATGAAAT	12.355432	-9.258183	0	T:5.0(0.06%),B:2.9(0.01%),P:1e-4	Tpos:257.9,Tstd:146.4,Bpos:166.0,Bstd:116.2,StrandBias:-0.8,Multiplicity:5.60
0.700	0.100	0.100	0.100
0.100	0.100	0.100	0.700
0.100	0.100	0.700	0.100
0.700	0.100	0.100	0.100
0.100	0.100	0.700	0.100
0.700	0.100	0.100	0.100
0.100	0.100	0.100	0.700
0.100	0.100	0.700	0.100
0.700	0.100	0.100	0.100
0.700	0.100	0.100	0.100
0.700	0.100	0.100	0.100
0.100	0.100	0.100	0.700
>TAGAAGGTCAGG	24-TAGAAGGTCAGG	10.409522	-8.664197	0	T:42.0(0.47%),B:103.3(0.25%),P:1e-3	Tpos:271.2,Tstd:129.3,Bpos:239.4,Bstd:148.8,StrandBias:0.9,Multiplicity:1.29
0.100	0.100	0.100	0.700
0.700	0.100	0.100	0.100
0.100	0.100	0.700	0.100
0.700	0.100	0.100	0.100
0.700	0.100	0.100	0.100
0.100	0.100	0.700	0.100
0.100	0.100	0.700	0.100
0.100	0.100	0.100	0.700
0.100	0.700	0.100	0.100
0.700	0.100	0.100	0.100
0.100	0.100	0.700	0.100
0.100	0.100	0.700	0.100
>TCCATCACTGNN	25-TCCATCACTGNN	7.882631	-4.145318	0	T:6.0(0.07%),B:9.3(0.02%),P:1e-1	Tpos:224.2,Tstd:125.4,Bpos:181.2,Bstd:16.8,StrandBias:-3.2,Multiplicity:5.00
0.190	0.223	0.186	0.401
0.226	0.413	0.150	0.210
0.089	0.584	0.222	0.105
0.588	0.089	0.222	0.101
0.081	0.158	0.125	0.636
0.142	0.607	0.146	0.105
0.523	0.081	0.327	0.069
0.138	0.587	0.162	0.113
0.093	0.214	0.238	0.454
0.162	0.126	0.623	0.089
0.239	0.259	0.235	0.268
0.207	0.320	0.263	0.211
>GGGAAGAG	1-GGGAAGAG	5.710186	-144.092013	0	T:5268.0(58.97%),B:20355.3(50.13%),P:1e-62	Tpos:249.9,Tstd:134.7,Bpos:250.5,Bstd:158.7,StrandBias:0.0,Multiplicity:1.61
0.097	0.052	0.732	0.119
0.094	0.012	0.820	0.074
0.089	0.001	0.886	0.024
0.898	0.052	0.001	0.049
0.997	0.001	0.001	0.001
0.001	0.001	0.967	0.031
0.953	0.001	0.001	0.045
0.056	0.026	0.878	0.040
>GAGAGGAA	2-GAGAGGAA	6.426486	-128.113261	0	T:4852.0(54.32%),B:18668.9(45.98%),P:1e-55	Tpos:251.4,Tstd:137.6,Bpos:248.5,Bstd:159.1,StrandBias:-0.0,Multiplicity:1.48
0.001	0.001	0.997	0.001
0.929	0.069	0.001	0.001
0.192	0.031	0.561	0.216
0.792	0.091	0.001	0.116
0.001	0.001	0.712	0.286
0.246	0.117	0.478	0.159
0.585	0.121	0.001	0.293
0.652	0.001	0.346	0.001
>CACTCCCT	3-CACTCCCT	5.962996	-102.994892	0	T:4130.0(46.23%),B:15790.1(38.89%),P:1e-44	Tpos:252.3,Tstd:136.9,Bpos:248.2,Bstd:156.9,StrandBias:-0.1,Multiplicity:1.30
0.066	0.766	0.001	0.167
0.861	0.050	0.001	0.088
0.001	0.938	0.001	0.060
0.044	0.031	0.120	0.805
0.095	0.502	0.060	0.343
0.001	0.847	0.087	0.065
0.050	0.492	0.223	0.236
0.082	0.126	0.050	0.742
>GGGAGCAA	4-GGGAGCAA	4.993994	-99.130633	0	T:5971.0(66.84%),B:24260.9(59.75%),P:1e-43	Tpos:249.3,Tstd:138.8,Bpos:249.1,Bstd:153.3,StrandBias:0.0,Multiplicity:1.34
0.087	0.051	0.798	0.064
0.158	0.096	0.668	0.078
0.078	0.108	0.745	0.069
0.733	0.079	0.119	0.069
0.120	0.044	0.795	0.041
0.121	0.718	0.074	0.087
0.774	0.057	0.080	0.089
0.774	0.059	0.093	0.074
>AAGGAGAG	5-AAGGAGAG	7.101354	-97.172297	0	T:3842.0(43.01%),B:14606.9(35.97%),P:1e-42	Tpos:254.5,Tstd:136.0,Bpos:248.2,Bstd:158.3,StrandBias:0.0,Multiplicity:1.28
0.536	0.113	0.282	0.069
0.673	0.031	0.001	0.295
0.001	0.001	0.997	0.001
0.001	0.001	0.997	0.001
0.654	0.001	0.093	0.252
0.001	0.001	0.997	0.001
0.997	0.001	0.001	0.001
0.001	0.151	0.688	0.160
>CTSCTCCT	6-CTSCTCCT	6.247754	-95.449320	0	T:3658.0(40.95%),B:13826.4(34.05%),P:1e-41	Tpos:245.1,Tstd:135.8,Bpos:250.2,Bstd:157.5,StrandBias:0.0,Multiplicity:1.28
0.015	0.817	0.097	0.071
0.059	0.118	0.077	0.746
0.011	0.420	0.323	0.246
0.083	0.848	0.026	0.043
0.048	0.127	0.031	0.794
0.063	0.569	0.318	0.050
0.254	0.547	0.014	0.185
0.214	0.067	0.251	0.468
>TCTCCCTT	7-TCTCCCTT	6.797890	-80.344322	0	T:3931.0(44.01%),B:15261.0(37.58%),P:1e-34	Tpos:251.0,Tstd:138.7,Bpos:247.9,Bstd:157.2,StrandBias:0.1,Multiplicity:1.18
0.001	0.035	0.032	0.932
0.044	0.876	0.001	0.079
0.030	0.031	0.061	0.878
0.030	0.737	0.136	0.097
0.042	0.903	0.001	0.054
0.084	0.914	0.001	0.001
0.001	0.057	0.039	0.903
0.024	0.122	0.001	0.853
>GGTAGAAG	8-GGTAGAAG	5.563344	-78.418514	0	T:6137.0(68.70%),B:25379.8(62.50%),P:1e-34	Tpos:248.8,Tstd:141.0,Bpos:251.1,Bstd:153.2,StrandBias:0.0,Multiplicity:1.36
0.331	0.122	0.546	0.001
0.001	0.001	0.908	0.090
0.001	0.193	0.239	0.567
0.763	0.001	0.166	0.070
0.172	0.001	0.505	0.322
0.769	0.001	0.001	0.229
0.714	0.001	0.001	0.284
0.001	0.001	0.879	0.119
>GAAVGGCA	9-GAAVGGCA	5.881970	-70.188775	0	T:4614.0(51.65%),B:18492.0(45.54%),P:1e-30	Tpos:248.7,Tstd:139.9,Bpos:248.5,Bstd:155.2,StrandBias:0.0,Multiplicity:1.29
0.023	0.095	0.881	0.001
0.938	0.001	0.040	0.021
0.708	0.001	0.165	0.126
0.268	0.405	0.326	0.001
0.277	0.055	0.667	0.001
0.112	0.130	0.757	0.001
0.001	0.906	0.001	0.092
0.788	0.087	0.091	0.034
>CGCTCATC	10-CGCTCATC	4.478978	-64.970176	0	T:3060.0(34.26%),B:11710.4(28.84%),P:1e-28	Tpos:251.9,Tstd:137.2,Bpos:250.7,Bstd:156.0,StrandBias:-0.0,Multiplicity:1.17
0.125	0.756	0.008	0.111
0.181	0.144	0.560	0.115
0.117	0.637	0.085	0.161
0.239	0.085	0.126	0.550
0.153	0.590	0.141	0.116
0.451	0.141	0.187	0.220
0.165	0.154	0.162	0.519
0.153	0.639	0.066	0.142
>GGAGGAAA	11-GGAGGAAA	6.512628	-53.049712	0	T:4012.0(44.91%),B:16123.5(39.71%),P:1e-23	Tpos:247.9,Tstd:139.2,Bpos:250.2,Bstd:156.6,StrandBias:-0.0,Multiplicity:1.30
0.049	0.023	0.927	0.001
0.038	0.001	0.911	0.050
0.909	0.015	0.038	0.038
0.095	0.014	0.890	0.001
0.086	0.022	0.891	0.001
0.911	0.049	0.001	0.039
0.786	0.178	0.001	0.035
0.955	0.001	0.001	0.043
>YTACCATC	12-YTACCATC	6.059873	-52.817676	0	T:4353.0(48.73%),B:17656.9(43.48%),P:1e-22	Tpos:251.6,Tstd:135.8,Bpos:250.7,Bstd:154.9,StrandBias:0.0,Multiplicity:1.38
0.001	0.526	0.001	0.472
0.142	0.257	0.063	0.538
0.707	0.001	0.219	0.073
0.001	0.887	0.001	0.111
0.001	0.997	0.001	0.001
0.554	0.001	0.055	0.390
0.001	0.069	0.140	0.790
0.001	0.997	0.001	0.001
>GAATRKGT	13-GAATRKGT	6.119455	-45.982766	0	T:4246.0(47.53%),B:17324.2(42.66%),P:1e-19	Tpos:251.5,Tstd:139.9,Bpos:251.1,Bstd:158.2,StrandBias:-0.0,Multiplicity:1.33
0.001	0.001	0.997	0.001
0.647	0.301	0.051	0.001
0.812	0.001	0.001	0.186
0.001	0.002	0.112	0.885
0.434	0.001	0.520	0.045
0.209	0.001	0.375	0.416
0.042	0.001	0.956	0.001
0.146	0.001	0.093	0.760
>CCGCCAAT	14-CCGCCAAT	5.232382	-44.297118	0	T:2669.0(29.88%),B:10400.0(25.61%),P:1e-19	Tpos:249.8,Tstd:142.3,Bpos:250.0,Bstd:150.8,StrandBias:0.0,Multiplicity:1.15
0.090	0.723	0.101	0.086
0.101	0.773	0.079	0.047
0.076	0.084	0.655	0.185
0.080	0.763	0.029	0.128
0.079	0.773	0.066	0.082
0.783	0.079	0.094	0.044
0.714	0.073	0.067	0.146
0.073	0.067	0.040	0.820
>ACGGACAG	15-ACGGACAG	5.078546	-41.163522	0	T:5087.0(56.95%),B:21253.0(52.34%),P:1e-17	Tpos:250.7,Tstd:136.2,Bpos:249.4,Bstd:156.1,StrandBias:0.0,Multiplicity:1.43
0.770	0.133	0.096	0.001
0.093	0.757	0.001	0.149
0.136	0.086	0.686	0.092
0.115	0.144	0.731	0.010
0.802	0.078	0.001	0.119
0.072	0.633	0.137	0.158
0.733	0.120	0.146	0.001
0.030	0.018	0.917	0.035
>CCATVCAC	16-CCATVCAC	6.760069	-39.176381	0	T:1365.0(15.28%),B:4968.0(12.23%),P:1e-17	Tpos:247.6,Tstd:131.8,Bpos:250.7,Bstd:170.1,StrandBias:-0.0,Multiplicity:1.76
0.305	0.643	0.001	0.051
0.001	0.673	0.029	0.297
0.631	0.185	0.132	0.052
0.001	0.193	0.001	0.805
0.274	0.383	0.331	0.012
0.024	0.735	0.066	0.175
0.849	0.001	0.149	0.001
0.026	0.657	0.039	0.278
>CGACGTCG	17-CGACGTCG	5.018440	-31.910835	0	T:401.0(4.49%),B:1223.1(3.01%),P:1e-13	Tpos:245.1,Tstd:128.6,Bpos:259.4,Bstd:146.5,StrandBias:-0.0,Multiplicity:1.12
0.157	0.771	0.026	0.046
0.096	0.077	0.782	0.045
0.553	0.111	0.096	0.240
0.013	0.947	0.013	0.027
0.023	0.035	0.841	0.101
0.170	0.096	0.139	0.595
0.093	0.819	0.001	0.087
0.108	0.066	0.706	0.120
>SCGCGGCG	18-SCGCGGCG	5.342645	-27.636411	0	T:1060.0(11.87%),B:3897.3(9.60%),P:1e-12	Tpos:256.2,Tstd:148.2,Bpos:249.4,Bstd:142.5,StrandBias:0.0,Multiplicity:1.44
0.275	0.426	0.298	0.001
0.001	0.942	0.056	0.001
0.115	0.003	0.881	0.001
0.001	0.997	0.001	0.001
0.163	0.001	0.679	0.157
0.304	0.107	0.588	0.001
0.249	0.604	0.146	0.001
0.001	0.001	0.997	0.001
>CAAGTGCA	19-CAAGTGCA	9.027789	-23.014733	0	T:450.0(5.04%),B:1501.1(3.70%),P:1e-9	Tpos:247.8,Tstd:139.1,Bpos:252.5,Bstd:153.9,StrandBias:-0.2,Multiplicity:1.02
0.001	0.997	0.001	0.001
0.997	0.001	0.001	0.001
0.809	0.189	0.001	0.001
0.001	0.001	0.997	0.001
0.001	0.001	0.001	0.997
0.001	0.001	0.997	0.001
0.001	0.838	0.001	0.160
0.997	0.001	0.001	0.001
>CGCGAGCG	20-CGCGAGCG	5.414968	-22.760273	0	T:390.0(4.37%),B:1271.4(3.13%),P:1e-9	Tpos:253.8,Tstd:136.2,Bpos:258.1,Bstd:143.2,StrandBias:0.2,Multiplicity:1.23
0.113	0.742	0.072	0.073
0.071	0.024	0.847	0.058
0.081	0.679	0.102	0.138
0.066	0.068	0.834	0.032
0.676	0.067	0.116	0.141
0.095	0.127	0.767	0.011
0.130	0.735	0.072	0.063
0.122	0.040	0.725	0.113
>AGATAGAT	21-AGATAGAT	6.108183	-16.576278	0	T:976.0(10.93%),B:3760.4(9.26%),P:1e-7	Tpos:253.3,Tstd:146.1,Bpos:252.1,Bstd:152.5,StrandBias:0.2,Multiplicity:1.20
0.653	0.029	0.099	0.219
0.001	0.001	0.997	0.001
0.918	0.001	0.001	0.080
0.001	0.001	0.001	0.997
0.959	0.039	0.001	0.001
0.001	0.001	0.997	0.001
0.914	0.001	0.084	0.001
0.001	0.001	0.001	0.997
>TCCATTCC	22-TCCATTCC	4.003421	-15.834354	0	T:2115.0(23.68%),B:8695.0(21.41%),P:1e-6	Tpos:248.4,Tstd:137.8,Bpos:248.0,Bstd:159.9,StrandBias:0.1,Multiplicity:1.58
0.001	0.001	0.001	0.997
0.001	0.997	0.001	0.001
0.001	0.945	0.053	0.001
0.962	0.001	0.036	0.001
0.001	0.001	0.001	0.997
0.001	0.001	0.001	0.997
0.001	0.997	0.001	0.001
0.001	0.898	0.100	0.001
>YGATGATG	23-YGATGATG	7.955545	-13.644525	0	T:737.0(8.25%),B:2819.9(6.94%),P:1e-5	Tpos:265.6,Tstd:129.3,Bpos:248.6,Bstd:174.1,StrandBias:-0.2,Multiplicity:2.02
0.001	0.555	0.001	0.443
0.001	0.001	0.997	0.001
0.782	0.001	0.216	0.001
0.001	0.244	0.001	0.754
0.001	0.001	0.997	0.001
0.681	0.001	0.317	0.001
0.001	0.197	0.001	0.801
0.001	0.001	0.997	0.001
>ACACACAC	24-ACACACAC	6.291044	-7.071271	0	T:3465.0(38.79%),B:15095.4(37.17%),P:1e-3	Tpos:248.4,Tstd:133.7,Bpos:247.6,Bstd:174.6,StrandBias:-0.0,Multiplicity:1.88
0.700	0.100	0.100	0.100
0.100	0.700	0.100	0.100
0.700	0.100	0.100	0.100
0.100	0.700	0.100	0.100
0.700	0.100	0.100	0.100
0.100	0.700	0.100	0.100
0.700	0.100	0.100	0.100
0.100	0.700	0.100	0.100
>TACGTGCG	25-TACGTGCG	8.236954	-2.144973	0	T:6.0(0.07%),B:15.2(0.04%),P:1e0	Tpos:235.6,Tstd:87.5,Bpos:301.6,Bstd:109.3,StrandBias:10.0,Multiplicity:4.67
0.100	0.100	0.100	0.700
0.700	0.100	0.100	0.100
0.100	0.700	0.100	0.100
0.100	0.100	0.700	0.100
0.100	0.100	0.100	0.700
0.100	0.100	0.700	0.100
0.100	0.700	0.100	0.100
0.100	0.100	0.700	0.100
