>CTCTTCCTTCTC	1-CTCTTCCTTCTC	7.486306	-149.002217	0	T:3195.0(35.77%),B:11163.0(27.49%),P:1e-64	Tpos:243.7,Tstd:134.2,Bpos:247.7,Bstd:157.2,StrandBias:0.2,Multiplicity:1.24
0.103	0.745	0.063	0.089
0.127	0.097	0.001	0.775
0.083	0.686	0.117	0.114
0.099	0.106	0.001	0.794
0.016	0.074	0.114	0.796
0.092	0.720	0.088	0.100
0.126	0.799	0.001	0.074
0.008	0.140	0.001	0.851
0.097	0.106	0.120	0.677
0.116	0.666	0.105	0.113
0.116	0.130	0.001	0.753
0.024	0.757	0.108	0.111
>TTTCCTCTCTCH	2-TTTCCTCTCTCH	7.021112	-105.472600	0	T:3124.0(34.97%),B:11382.4(28.03%),P:1e-45	Tpos:245.8,Tstd:135.2,Bpos:249.7,Bstd:155.6,StrandBias:0.1,Multiplicity:1.15
0.072	0.315	0.074	0.539
0.022	0.001	0.033	0.944
0.031	0.016	0.026	0.927
0.007	0.972	0.008	0.013
0.070	0.894	0.001	0.035
0.012	0.038	0.001	0.949
0.034	0.760	0.055	0.151
0.033	0.062	0.001	0.904
0.001	0.982	0.004	0.013
0.111	0.032	0.001	0.856
0.027	0.835	0.048	0.090
0.271	0.293	0.016	0.421
>RAAGAGGAGAGA	3-RAAGAGGAGAGA	0.435007	-93.459699	0	T:3119.0(34.92%),B:11524.3(28.38%),P:1e-40	Tpos:251.7,Tstd:132.2,Bpos:251.1,Bstd:160.1,StrandBias:0.0,Multiplicity:1.30
0.543	0.001	0.455	0.001
0.997	0.001	0.001	0.001
0.738	0.001	0.104	0.157
0.001	0.001	0.997	0.001
0.997	0.001	0.001	0.001
0.001	0.001	0.997	0.001
0.091	0.001	0.907	0.001
0.997	0.001	0.001	0.001
0.001	0.001	0.997	0.001
0.859	0.001	0.001	0.139
0.001	0.001	0.997	0.001
0.997	0.001	0.001	0.001
>GAGAGAGACAGA	4-GAGAGAGACAGA	7.236419	-52.493946	0	T:2088.0(23.37%),B:7768.4(19.13%),P:1e-22	Tpos:259.2,Tstd:130.5,Bpos:242.1,Bstd:171.0,StrandBias:-0.1,Multiplicity:1.26
0.092	0.093	0.736	0.079
0.774	0.040	0.091	0.095
0.081	0.095	0.740	0.084
0.789	0.038	0.094	0.079
0.095	0.099	0.725	0.081
0.781	0.048	0.079	0.092
0.110	0.086	0.725	0.079
0.756	0.071	0.098	0.075
0.108	0.674	0.133	0.085
0.815	0.038	0.066	0.081
0.093	0.090	0.740	0.077
0.745	0.075	0.095	0.085
>NTCCATCCATCH	5-NTCCATCCATCH	4.976245	-41.454885	0	T:5532.0(61.93%),B:23293.9(57.37%),P:1e-18	Tpos:251.6,Tstd:136.5,Bpos:248.3,Bstd:158.1,StrandBias:-0.0,Multiplicity:1.48
0.298	0.246	0.202	0.255
0.121	0.131	0.109	0.639
0.124	0.616	0.124	0.136
0.144	0.662	0.060	0.134
0.648	0.144	0.062	0.146
0.117	0.125	0.118	0.640
0.125	0.607	0.129	0.139
0.138	0.668	0.061	0.133
0.646	0.139	0.068	0.147
0.120	0.129	0.115	0.636
0.129	0.596	0.133	0.142
0.255	0.344	0.128	0.273
>GAATGGAATGGA	6-GAATGGAATGGA	14.363193	-39.545257	0	T:18.0(0.20%),B:5.0(0.01%),P:1e-17	Tpos:253.6,Tstd:143.6,Bpos:288.7,Bstd:159.1,StrandBias:-0.9,Multiplicity:7.44
0.025	0.018	0.906	0.051
0.860	0.025	0.074	0.041
0.637	0.110	0.227	0.026
0.017	0.031	0.011	0.941
0.057	0.104	0.797	0.042
0.032	0.028	0.886	0.054
0.902	0.014	0.063	0.021
0.662	0.121	0.147	0.070
0.017	0.038	0.030	0.915
0.042	0.168	0.752	0.038
0.090	0.024	0.825	0.061
0.922	0.020	0.028	0.030
>ATGGAATGGAAT	7-ATGGAATGGAAT	13.144507	-37.814098	0	T:23.0(0.26%),B:9.7(0.02%),P:1e-16	Tpos:256.4,Tstd:123.2,Bpos:80.4,Bstd:63.5,StrandBias:-1.1,Multiplicity:2.25
0.640	0.045	0.279	0.036
0.095	0.025	0.001	0.879
0.051	0.104	0.769	0.076
0.069	0.018	0.876	0.037
0.985	0.013	0.001	0.001
0.677	0.017	0.281	0.025
0.012	0.041	0.008	0.939
0.085	0.081	0.795	0.039
0.089	0.038	0.792	0.081
0.957	0.001	0.041	0.001
0.604	0.130	0.242	0.024
0.037	0.061	0.052	0.850
>CCATCCATCCAT	8-CCATCCATCCAT	6.891222	-37.529106	0	T:2126.0(23.80%),B:8200.8(20.20%),P:1e-16	Tpos:246.4,Tstd:131.8,Bpos:249.3,Bstd:171.8,StrandBias:-0.1,Multiplicity:1.37
0.065	0.764	0.072	0.099
0.097	0.758	0.030	0.115
0.729	0.092	0.057	0.122
0.083	0.100	0.072	0.745
0.071	0.749	0.080	0.100
0.084	0.776	0.028	0.112
0.755	0.091	0.054	0.100
0.082	0.104	0.070	0.744
0.078	0.730	0.081	0.111
0.084	0.778	0.028	0.110
0.756	0.085	0.059	0.100
0.085	0.119	0.081	0.715
>ACGCACAAGCAC	9-ACGCACAAGCAC	8.767271	-33.247337	0	T:358.0(4.01%),B:1053.8(2.60%),P:1e-14	Tpos:242.6,Tstd:134.4,Bpos:255.9,Bstd:167.8,StrandBias:0.1,Multiplicity:1.27
0.796	0.068	0.073	0.063
0.141	0.637	0.095	0.127
0.210	0.101	0.550	0.139
0.072	0.792	0.069	0.067
0.846	0.063	0.026	0.065
0.083	0.770	0.092	0.055
0.839	0.076	0.040	0.045
0.680	0.102	0.093	0.125
0.115	0.076	0.731	0.078
0.094	0.781	0.062	0.063
0.789	0.083	0.050	0.078
0.083	0.789	0.069	0.059
>TGCGCTSCTCTC	10-TGCGCTSCTCTC	9.018813	-30.630880	0	T:102.0(1.14%),B:200.7(0.49%),P:1e-13	Tpos:257.8,Tstd:122.9,Bpos:237.0,Bstd:145.0,StrandBias:0.7,Multiplicity:1.17
0.227	0.092	0.109	0.572
0.134	0.099	0.753	0.014
0.028	0.871	0.011	0.090
0.211	0.014	0.742	0.033
0.066	0.751	0.150	0.033
0.094	0.001	0.075	0.830
0.052	0.501	0.367	0.080
0.263	0.513	0.014	0.210
0.071	0.123	0.019	0.787
0.033	0.738	0.158	0.071
0.128	0.340	0.028	0.504
0.071	0.562	0.095	0.272
>CACACAACACAC	11-CACACAACACAC	7.312050	-28.555994	0	T:1004.0(11.24%),B:3651.9(8.99%),P:1e-12	Tpos:255.8,Tstd:132.5,Bpos:248.6,Bstd:179.6,StrandBias:-0.2,Multiplicity:1.67
0.070	0.782	0.069	0.079
0.786	0.071	0.055	0.088
0.077	0.756	0.077	0.090
0.772	0.083	0.041	0.104
0.113	0.733	0.075	0.079
0.706	0.148	0.059	0.087
0.654	0.164	0.100	0.082
0.102	0.741	0.077	0.080
0.777	0.091	0.056	0.076
0.073	0.757	0.075	0.095
0.789	0.076	0.054	0.081
0.078	0.748	0.074	0.100
>CGCGCACACACT	12-CGCGCACACACT	6.032852	-28.053556	0	T:484.0(5.42%),B:1576.0(3.88%),P:1e-12	Tpos:241.4,Tstd:130.1,Bpos:248.4,Bstd:171.8,StrandBias:0.0,Multiplicity:1.50
0.001	0.997	0.001	0.001
0.047	0.001	0.886	0.066
0.001	0.932	0.001	0.066
0.001	0.066	0.891	0.042
0.001	0.997	0.001	0.001
0.840	0.158	0.001	0.001
0.001	0.997	0.001	0.001
0.891	0.042	0.001	0.066
0.001	0.997	0.001	0.001
0.932	0.066	0.001	0.001
0.001	0.997	0.001	0.001
0.241	0.066	0.001	0.692
>RTGATGATGRTG	13-RTGATGATGRTG	12.485452	-26.671666	0	T:34.0(0.38%),B:35.7(0.09%),P:1e-11	Tpos:293.2,Tstd:118.5,Bpos:212.9,Bstd:173.7,StrandBias:-0.3,Multiplicity:2.56
0.462	0.044	0.468	0.025
0.076	0.087	0.001	0.836
0.229	0.001	0.769	0.001
0.555	0.036	0.375	0.034
0.047	0.001	0.001	0.951
0.145	0.001	0.853	0.001
0.556	0.032	0.367	0.045
0.088	0.081	0.012	0.819
0.179	0.001	0.819	0.001
0.490	0.022	0.464	0.024
0.050	0.110	0.001	0.839
0.239	0.001	0.759	0.001
>GGAATAGTGTGA	14-GGAATAGTGTGA	11.368366	-19.899476	0	T:25.0(0.28%),B:26.5(0.07%),P:1e-8	Tpos:284.7,Tstd:110.0,Bpos:254.1,Bstd:119.4,StrandBias:1.8,Multiplicity:1.80
0.008	0.103	0.815	0.074
0.202	0.104	0.664	0.030
0.728	0.051	0.088	0.133
0.690	0.030	0.250	0.030
0.015	0.086	0.015	0.884
0.849	0.030	0.106	0.015
0.059	0.059	0.823	0.059
0.225	0.074	0.015	0.686
0.030	0.079	0.847	0.044
0.044	0.045	0.074	0.837
0.060	0.059	0.851	0.030
0.763	0.059	0.030	0.148
>GATGRTGRTGRT	15-GATGRTGRTGRT	8.475433	-18.498631	0	T:580.0(6.49%),B:2081.8(5.13%),P:1e-8	Tpos:265.1,Tstd:130.6,Bpos:248.1,Bstd:187.2,StrandBias:-0.3,Multiplicity:2.04
0.208	0.014	0.742	0.036
0.551	0.032	0.388	0.029
0.061	0.065	0.022	0.852
0.238	0.008	0.718	0.036
0.536	0.033	0.407	0.024
0.071	0.043	0.003	0.883
0.147	0.021	0.831	0.001
0.549	0.017	0.411	0.023
0.086	0.082	0.024	0.808
0.225	0.001	0.763	0.011
0.500	0.014	0.485	0.001
0.044	0.066	0.008	0.882
>GAATGGAATSGA	16-GAATGGAATSGA	9.687134	-17.759336	0	T:164.0(1.84%),B:470.3(1.16%),P:1e-7	Tpos:231.5,Tstd:143.9,Bpos:240.7,Bstd:171.5,StrandBias:0.1,Multiplicity:1.78
0.020	0.057	0.894	0.029
0.905	0.030	0.016	0.049
0.858	0.050	0.070	0.022
0.097	0.110	0.006	0.787
0.055	0.030	0.793	0.122
0.028	0.012	0.889	0.071
0.961	0.016	0.018	0.005
0.853	0.018	0.103	0.026
0.051	0.022	0.011	0.916
0.064	0.393	0.486	0.058
0.168	0.012	0.788	0.032
0.967	0.016	0.001	0.016
>AKCCATCGAGTG	17-AKCCATCGAGTG	12.168083	-15.151252	0	T:10.0(0.11%),B:5.3(0.01%),P:1e-6	Tpos:256.6,Tstd:144.1,Bpos:367.7,Bstd:70.1,StrandBias:-1.8,Multiplicity:1.80
0.810	0.188	0.001	0.001
0.004	0.192	0.419	0.385
0.001	0.716	0.001	0.282
0.001	0.997	0.001	0.001
0.905	0.001	0.093	0.001
0.001	0.286	0.001	0.712
0.001	0.997	0.001	0.001
0.001	0.001	0.997	0.001
0.712	0.001	0.286	0.001
0.001	0.001	0.997	0.001
0.001	0.321	0.188	0.490
0.001	0.001	0.997	0.001
>CAAGATGCAYAC	18-CAAGATGCAYAC	11.393052	-14.161843	0	T:11.0(0.12%),B:7.3(0.02%),P:1e-6	Tpos:248.1,Tstd:146.0,Bpos:158.6,Bstd:144.9,StrandBias:3.9,Multiplicity:3.44
0.034	0.814	0.130	0.022
0.526	0.056	0.130	0.288
0.789	0.055	0.067	0.089
0.033	0.275	0.625	0.067
0.689	0.071	0.169	0.071
0.190	0.152	0.012	0.646
0.034	0.089	0.832	0.045
0.056	0.561	0.067	0.316
0.706	0.066	0.168	0.060
0.033	0.536	0.022	0.409
0.931	0.023	0.012	0.034
0.071	0.796	0.066	0.067
>ACACAGAGACAC	19-ACACAGAGACAC	11.153506	-12.952119	0	T:91.0(1.02%),B:245.5(0.60%),P:1e-5	Tpos:269.5,Tstd:129.4,Bpos:258.2,Bstd:182.3,StrandBias:-0.6,Multiplicity:2.16
0.752	0.085	0.093	0.070
0.098	0.718	0.095	0.089
0.787	0.077	0.044	0.092
0.083	0.750	0.093	0.074
0.818	0.025	0.062	0.095
0.100	0.127	0.686	0.087
0.787	0.037	0.082	0.094
0.103	0.134	0.665	0.098
0.748	0.084	0.093	0.075
0.082	0.746	0.088	0.084
0.804	0.076	0.037	0.083
0.099	0.726	0.094	0.081
>TGTCGGCATGTG	20-TGTCGGCATGTG	12.723797	-12.542170	0	T:5.0(0.06%),B:1.9(0.00%),P:1e-5	Tpos:255.1,Tstd:148.7,Bpos:312.8,Bstd:85.8,StrandBias:4.4,Multiplicity:5.50
0.001	0.001	0.001	0.997
0.001	0.001	0.997	0.001
0.001	0.001	0.001	0.997
0.001	0.784	0.001	0.214
0.001	0.001	0.997	0.001
0.001	0.001	0.997	0.001
0.001	0.997	0.001	0.001
0.997	0.001	0.001	0.001
0.027	0.001	0.001	0.971
0.001	0.001	0.997	0.001
0.001	0.001	0.001	0.997
0.001	0.001	0.971	0.027
>TCTGCTGTGCGT	21-TCTGCTGTGCGT	12.911290	-9.636122	0	T:6.0(0.07%),B:3.7(0.01%),P:1e-4	Tpos:233.5,Tstd:124.6,Bpos:147.9,Bstd:62.6,StrandBias:2.6,Multiplicity:3.50
0.027	0.001	0.001	0.971
0.001	0.997	0.001	0.001
0.001	0.001	0.001	0.997
0.001	0.001	0.971	0.027
0.001	0.997	0.001	0.001
0.001	0.001	0.001	0.997
0.001	0.027	0.971	0.001
0.001	0.001	0.027	0.971
0.001	0.001	0.997	0.001
0.001	0.997	0.001	0.001
0.001	0.001	0.997	0.001
0.001	0.001	0.001	0.997
>DNGCGTGCTCNN	22-DNGCGTGCTCNN	7.440990	-9.410644	0	T:4.0(0.04%),B:1.3(0.00%),P:1e-4	Tpos:200.7,Tstd:122.8,Bpos:351.0,Bstd:0.0,StrandBias:4.1,Multiplicity:4.50
0.219	0.195	0.224	0.361
0.301	0.262	0.213	0.224
0.146	0.122	0.586	0.146
0.085	0.735	0.090	0.090
0.067	0.041	0.813	0.079
0.117	0.236	0.111	0.536
0.128	0.178	0.577	0.117
0.125	0.584	0.166	0.125
0.163	0.111	0.227	0.499
0.213	0.478	0.157	0.152
0.283	0.213	0.285	0.219
0.219	0.312	0.219	0.251
>ATGAGATGAAAT	23-ATGAGATGAAAT	12.355432	-9.258183	0	T:5.0(0.06%),B:2.9(0.01%),P:1e-4	Tpos:257.9,Tstd:146.4,Bpos:166.0,Bstd:116.2,StrandBias:-0.8,Multiplicity:5.60
0.700	0.100	0.100	0.100
0.100	0.100	0.100	0.700
0.100	0.100	0.700	0.100
0.700	0.100	0.100	0.100
0.100	0.100	0.700	0.100
0.700	0.100	0.100	0.100
0.100	0.100	0.100	0.700
0.100	0.100	0.700	0.100
0.700	0.100	0.100	0.100
0.700	0.100	0.100	0.100
0.700	0.100	0.100	0.100
0.100	0.100	0.100	0.700
>TAGAAGGTCAGG	24-TAGAAGGTCAGG	10.409522	-8.664197	0	T:42.0(0.47%),B:103.3(0.25%),P:1e-3	Tpos:271.2,Tstd:129.3,Bpos:239.4,Bstd:148.8,StrandBias:0.9,Multiplicity:1.29
0.100	0.100	0.100	0.700
0.700	0.100	0.100	0.100
0.100	0.100	0.700	0.100
0.700	0.100	0.100	0.100
0.700	0.100	0.100	0.100
0.100	0.100	0.700	0.100
0.100	0.100	0.700	0.100
0.100	0.100	0.100	0.700
0.100	0.700	0.100	0.100
0.700	0.100	0.100	0.100
0.100	0.100	0.700	0.100
0.100	0.100	0.700	0.100
>TCCATCACTGNN	25-TCCATCACTGNN	7.882631	-4.145318	0	T:6.0(0.07%),B:9.3(0.02%),P:1e-1	Tpos:224.2,Tstd:125.4,Bpos:181.2,Bstd:16.8,StrandBias:-3.2,Multiplicity:5.00
0.190	0.223	0.186	0.401
0.226	0.413	0.150	0.210
0.089	0.584	0.222	0.105
0.588	0.089	0.222	0.101
0.081	0.158	0.125	0.636
0.142	0.607	0.146	0.105
0.523	0.081	0.327	0.069
0.138	0.587	0.162	0.113
0.093	0.214	0.238	0.454
0.162	0.126	0.623	0.089
0.239	0.259	0.235	0.268
0.207	0.320	0.263	0.211
