>GGAAGAGCAG	1-GGAAGAGCAG	6.447742	-148.549343	0	T:4652.0(52.08%),B:17503.6(43.11%),P:1e-64	Tpos:249.0,Tstd:134.6,Bpos:250.3,Bstd:157.4,StrandBias:-0.0,Multiplicity:1.42
0.054	0.035	0.859	0.052
0.085	0.056	0.792	0.067
0.779	0.098	0.083	0.040
0.810	0.038	0.099	0.053
0.057	0.077	0.816	0.050
0.791	0.035	0.106	0.068
0.078	0.038	0.838	0.046
0.110	0.738	0.090	0.062
0.835	0.037	0.057	0.071
0.104	0.083	0.748	0.065
>GGAAGAAGGG	2-GGAAGAAGGG	5.180559	-140.029141	0	T:5941.0(66.51%),B:23544.5(57.98%),P:1e-60	Tpos:250.9,Tstd:135.5,Bpos:249.4,Bstd:156.1,StrandBias:-0.0,Multiplicity:1.52
0.054	0.043	0.831	0.072
0.066	0.066	0.840	0.028
0.780	0.059	0.076	0.085
0.773	0.054	0.098	0.075
0.065	0.051	0.832	0.052
0.781	0.077	0.074	0.068
0.776	0.056	0.082	0.086
0.073	0.026	0.845	0.056
0.047	0.040	0.848	0.065
0.091	0.083	0.693	0.133
>GAGGAGAGAA	3-GAGGAGAGAA	6.404373	-123.513622	0	T:5983.0(66.98%),B:23963.9(59.02%),P:1e-53	Tpos:248.6,Tstd:134.5,Bpos:249.9,Bstd:159.4,StrandBias:-0.0,Multiplicity:1.84
0.100	0.100	0.700	0.100
0.700	0.100	0.100	0.100
0.100	0.100	0.700	0.100
0.100	0.100	0.700	0.100
0.700	0.100	0.100	0.100
0.100	0.100	0.700	0.100
0.700	0.100	0.100	0.100
0.100	0.100	0.700	0.100
0.700	0.100	0.100	0.100
0.700	0.100	0.100	0.100
>GAGAGGAAAG	4-GAGAGGAAAG	6.616770	-113.303476	0	T:3887.0(43.51%),B:14574.1(35.89%),P:1e-49	Tpos:252.5,Tstd:137.8,Bpos:248.2,Bstd:158.7,StrandBias:-0.1,Multiplicity:1.29
0.027	0.061	0.867	0.045
0.852	0.027	0.063	0.058
0.084	0.047	0.805	0.064
0.835	0.052	0.043	0.070
0.071	0.031	0.714	0.184
0.051	0.073	0.812	0.064
0.808	0.031	0.071	0.090
0.867	0.037	0.059	0.037
0.779	0.072	0.074	0.075
0.088	0.063	0.664	0.185
>AACTCTTCCC	5-AACTCTTCCC	6.489138	-86.729482	0	T:3410.0(38.17%),B:12877.7(31.71%),P:1e-37	Tpos:247.5,Tstd:137.1,Bpos:250.1,Bstd:155.4,StrandBias:-0.1,Multiplicity:1.19
0.759	0.088	0.113	0.040
0.723	0.146	0.047	0.084
0.049	0.824	0.066	0.061
0.089	0.042	0.037	0.832
0.066	0.837	0.032	0.065
0.043	0.079	0.036	0.842
0.053	0.046	0.075	0.826
0.064	0.803	0.030	0.103
0.086	0.795	0.051	0.068
0.094	0.758	0.061	0.087
>GTGTGTGTGS	6-GTGTGTGTGS	6.610152	-69.058537	0	T:2369.0(26.52%),B:8693.3(21.41%),P:1e-29	Tpos:249.2,Tstd:133.9,Bpos:249.6,Bstd:169.9,StrandBias:-0.1,Multiplicity:1.75
0.101	0.001	0.738	0.160
0.137	0.138	0.072	0.653
0.001	0.010	0.988	0.001
0.225	0.213	0.001	0.561
0.287	0.001	0.625	0.087
0.141	0.079	0.103	0.677
0.001	0.079	0.856	0.064
0.001	0.241	0.001	0.757
0.001	0.001	0.713	0.285
0.215	0.433	0.351	0.001
>CTCGCCTGCT	7-CTCGCCTGCT	6.507649	-68.970117	0	T:2618.0(29.31%),B:9748.7(24.01%),P:1e-29	Tpos:250.9,Tstd:135.2,Bpos:249.6,Bstd:152.7,StrandBias:-0.1,Multiplicity:1.14
0.068	0.779	0.097	0.056
0.108	0.059	0.038	0.795
0.043	0.800	0.087	0.070
0.090	0.091	0.742	0.077
0.060	0.779	0.045	0.116
0.082	0.778	0.059	0.081
0.055	0.042	0.051	0.852
0.061	0.048	0.787	0.104
0.045	0.888	0.029	0.038
0.048	0.069	0.079	0.804
>TTCCCTCTRC	8-TTCCCTCTRC	7.839467	-60.464734	0	T:1239.0(13.87%),B:4170.8(10.27%),P:1e-26	Tpos:243.6,Tstd:138.9,Bpos:252.0,Bstd:155.3,StrandBias:0.2,Multiplicity:1.07
0.001	0.047	0.001	0.951
0.001	0.117	0.001	0.881
0.001	0.713	0.285	0.001
0.144	0.745	0.110	0.001
0.051	0.751	0.001	0.197
0.123	0.073	0.001	0.803
0.001	0.727	0.133	0.139
0.066	0.001	0.001	0.932
0.542	0.001	0.456	0.001
0.001	0.997	0.001	0.001
>TCCATCCATC	9-TCCATCCATC	6.474547	-57.097482	0	T:2431.0(27.21%),B:9144.8(22.52%),P:1e-24	Tpos:249.1,Tstd:131.9,Bpos:247.5,Bstd:170.5,StrandBias:-0.1,Multiplicity:1.42
0.085	0.108	0.050	0.757
0.043	0.834	0.038	0.085
0.038	0.755	0.043	0.164
0.756	0.061	0.104	0.079
0.045	0.068	0.028	0.859
0.030	0.852	0.032	0.086
0.065	0.714	0.021	0.200
0.763	0.050	0.104	0.083
0.038	0.062	0.031	0.869
0.035	0.842	0.027	0.096
>GHGYCRGCGG	10-GHGYCRGCGG	5.904101	-47.543545	0	T:1693.0(18.95%),B:6194.8(15.26%),P:1e-20	Tpos:248.7,Tstd:143.4,Bpos:250.3,Bstd:148.2,StrandBias:0.0,Multiplicity:1.30
0.031	0.035	0.892	0.042
0.356	0.365	0.041	0.238
0.046	0.136	0.740	0.078
0.044	0.295	0.246	0.415
0.024	0.643	0.307	0.026
0.358	0.139	0.494	0.008
0.069	0.040	0.863	0.028
0.030	0.867	0.017	0.086
0.157	0.048	0.740	0.055
0.047	0.046	0.825	0.082
>GTGGABWGGA	11-GTGGABWGGA	7.343198	-29.197219	0	T:294.0(3.29%),B:852.4(2.10%),P:1e-12	Tpos:243.2,Tstd:141.7,Bpos:257.7,Bstd:161.8,StrandBias:0.3,Multiplicity:1.22
0.063	0.070	0.817	0.050
0.039	0.059	0.036	0.866
0.196	0.181	0.603	0.020
0.250	0.058	0.494	0.199
0.592	0.055	0.279	0.074
0.199	0.219	0.228	0.354
0.356	0.040	0.147	0.457
0.043	0.149	0.505	0.303
0.154	0.046	0.751	0.049
0.478	0.053	0.202	0.267
>GGCGTCGACG	12-GGCGTCGACG	6.590902	-26.142689	0	T:272.0(3.04%),B:796.6(1.96%),P:1e-11	Tpos:256.2,Tstd:140.9,Bpos:242.6,Bstd:144.8,StrandBias:-0.0,Multiplicity:1.09
0.077	0.040	0.826	0.057
0.106	0.054	0.757	0.083
0.035	0.824	0.072	0.069
0.095	0.085	0.763	0.057
0.064	0.041	0.072	0.823
0.044	0.783	0.088	0.085
0.040	0.079	0.843	0.038
0.770	0.082	0.033	0.115
0.066	0.770	0.118	0.046
0.056	0.079	0.846	0.019
>GAATGGAATG	13-GAATGGAATG	11.582756	-21.895013	0	T:60.0(0.67%),B:108.8(0.27%),P:1e-9	Tpos:253.4,Tstd:141.1,Bpos:247.1,Bstd:175.6,StrandBias:-0.7,Multiplicity:7.02
0.001	0.001	0.997	0.001
0.997	0.001	0.001	0.001
0.891	0.001	0.107	0.001
0.001	0.019	0.001	0.979
0.001	0.001	0.997	0.001
0.001	0.001	0.997	0.001
0.997	0.001	0.001	0.001
0.997	0.001	0.001	0.001
0.001	0.001	0.001	0.997
0.001	0.001	0.997	0.001
>TCSATTCCAT	14-TCSATTCCAT	11.855550	-16.014088	0	T:43.0(0.48%),B:78.3(0.19%),P:1e-6	Tpos:245.0,Tstd:125.6,Bpos:260.4,Bstd:197.2,StrandBias:0.3,Multiplicity:1.73
0.001	0.001	0.023	0.975
0.001	0.951	0.001	0.047
0.136	0.317	0.460	0.087
0.934	0.001	0.064	0.001
0.120	0.002	0.004	0.874
0.006	0.001	0.001	0.992
0.279	0.719	0.001	0.001
0.016	0.834	0.001	0.149
0.996	0.001	0.001	0.002
0.027	0.027	0.001	0.945
>GCACGCTAAC	15-GCACGCTAAC	10.122656	-15.853978	0	T:6.0(0.07%),B:1.7(0.00%),P:1e-6	Tpos:209.6,Tstd:108.6,Bpos:290.7,Bstd:200.4,StrandBias:-4.2,Multiplicity:3.33
0.001	0.001	0.997	0.001
0.001	0.997	0.001	0.001
0.973	0.001	0.025	0.001
0.001	0.997	0.001	0.001
0.001	0.001	0.997	0.001
0.001	0.997	0.001	0.001
0.001	0.001	0.001	0.997
0.973	0.001	0.001	0.025
0.997	0.001	0.001	0.001
0.001	0.997	0.001	0.001
>TGATGATGRT	16-TGATGATGRT	7.186275	-11.416064	0	T:1281.0(14.34%),B:5202.3(12.81%),P:1e-4	Tpos:263.8,Tstd:130.5,Bpos:247.0,Bstd:174.2,StrandBias:-0.2,Multiplicity:1.54
0.037	0.049	0.017	0.897
0.129	0.013	0.843	0.015
0.556	0.025	0.366	0.053
0.017	0.050	0.011	0.922
0.066	0.011	0.922	0.001
0.592	0.020	0.371	0.017
0.021	0.045	0.001	0.933
0.083	0.006	0.901	0.010
0.529	0.022	0.425	0.024
0.042	0.051	0.003	0.904
>GAAACACTCG	17-GAAACACTCG	10.296193	-10.187087	0	T:7.0(0.08%),B:4.8(0.01%),P:1e-4	Tpos:206.2,Tstd:137.9,Bpos:328.3,Bstd:108.9,StrandBias:-3.5,Multiplicity:2.00
0.100	0.100	0.700	0.100
0.700	0.100	0.100	0.100
0.700	0.100	0.100	0.100
0.700	0.100	0.100	0.100
0.100	0.700	0.100	0.100
0.700	0.100	0.100	0.100
0.100	0.700	0.100	0.100
0.100	0.100	0.100	0.700
0.100	0.700	0.100	0.100
0.100	0.100	0.700	0.100
>TCAACGTACG	18-TCAACGTACG	10.475129	-9.636122	0	T:6.0(0.07%),B:3.2(0.01%),P:1e-4	Tpos:231.9,Tstd:71.9,Bpos:251.4,Bstd:125.2,StrandBias:1.7,Multiplicity:2.83
0.001	0.001	0.039	0.959
0.001	0.959	0.001	0.039
0.997	0.001	0.001	0.001
0.959	0.001	0.039	0.001
0.001	0.997	0.001	0.001
0.001	0.001	0.997	0.001
0.001	0.001	0.001	0.997
0.959	0.039	0.001	0.001
0.001	0.997	0.001	0.001
0.001	0.001	0.997	0.001
>ACACAGAGAC	19-ACACAGAGAC	6.574141	-9.215601	0	T:1344.0(15.05%),B:5551.0(13.67%),P:1e-4	Tpos:246.3,Tstd:133.5,Bpos:248.3,Bstd:173.8,StrandBias:-0.1,Multiplicity:1.54
0.974	0.001	0.024	0.001
0.025	0.932	0.042	0.001
0.977	0.021	0.001	0.001
0.001	0.990	0.001	0.008
0.997	0.001	0.001	0.001
0.015	0.329	0.642	0.014
0.918	0.019	0.038	0.025
0.028	0.296	0.621	0.055
0.997	0.001	0.001	0.001
0.018	0.980	0.001	0.001
>GTAGGTAMGT	20-GTAGGTAMGT	12.813933	-6.811984	0	T:4.0(0.04%),B:2.6(0.01%),P:1e-2	Tpos:235.8,Tstd:150.8,Bpos:485.0,Bstd:0.0,StrandBias:0.0,Multiplicity:1.00
0.001	0.001	0.997	0.001
0.001	0.001	0.001	0.997
0.997	0.001	0.001	0.001
0.042	0.002	0.955	0.001
0.001	0.001	0.997	0.001
0.001	0.001	0.001	0.997
0.894	0.104	0.001	0.001
0.411	0.419	0.169	0.001
0.001	0.001	0.997	0.001
0.001	0.001	0.001	0.997
>GTTTGGTGTG	21-GTTTGGTGTG	10.296193	-6.030254	0	T:20.0(0.22%),B:44.4(0.11%),P:1e-2	Tpos:238.2,Tstd:115.0,Bpos:233.6,Bstd:159.4,StrandBias:-1.1,Multiplicity:1.89
0.100	0.100	0.700	0.100
0.100	0.100	0.100	0.700
0.100	0.100	0.100	0.700
0.100	0.100	0.100	0.700
0.100	0.100	0.700	0.100
0.100	0.100	0.700	0.100
0.100	0.100	0.100	0.700
0.100	0.100	0.700	0.100
0.100	0.100	0.100	0.700
0.100	0.100	0.700	0.100
>TAGCGGAGGA	22-TAGCGGAGGA	10.744420	-5.718088	0	T:18.0(0.20%),B:39.3(0.10%),P:1e-2	Tpos:248.5,Tstd:140.7,Bpos:255.6,Bstd:151.9,StrandBias:3.3,Multiplicity:2.20
0.049	0.294	0.206	0.451
0.950	0.001	0.048	0.001
0.001	0.001	0.901	0.097
0.001	0.997	0.001	0.001
0.001	0.116	0.882	0.001
0.001	0.001	0.997	0.001
0.627	0.371	0.001	0.001
0.117	0.098	0.736	0.049
0.001	0.001	0.997	0.001
0.666	0.284	0.001	0.049
>GTGCCGCGCG	23-GTGCCGCGCG	10.886462	-5.215656	0	T:5.0(0.06%),B:5.6(0.01%),P:1e-2	Tpos:186.6,Tstd:137.8,Bpos:339.3,Bstd:132.8,StrandBias:10.0,Multiplicity:2.60
0.001	0.001	0.997	0.001
0.001	0.001	0.001	0.997
0.001	0.001	0.997	0.001
0.144	0.854	0.001	0.001
0.001	0.997	0.001	0.001
0.001	0.001	0.997	0.001
0.001	0.985	0.007	0.007
0.001	0.007	0.625	0.367
0.001	0.997	0.001	0.001
0.001	0.001	0.997	0.001
>CGGCATGTGT	24-CGGCATGTGT	10.296193	-2.624668	0	T:5.0(0.06%),B:10.5(0.03%),P:1e-1	Tpos:218.4,Tstd:144.7,Bpos:160.1,Bstd:100.5,StrandBias:4.6,Multiplicity:5.20
0.100	0.700	0.100	0.100
0.100	0.100	0.700	0.100
0.100	0.100	0.700	0.100
0.100	0.700	0.100	0.100
0.700	0.100	0.100	0.100
0.100	0.100	0.100	0.700
0.100	0.100	0.700	0.100
0.100	0.100	0.100	0.700
0.100	0.100	0.700	0.100
0.100	0.100	0.100	0.700
>ATACACGTTC	25-ATACACGTTC	10.296193	-1.951827	0	T:2.0(0.02%),B:3.9(0.01%),P:1e0	Tpos:272.2,Tstd:145.3,Bpos:147.9,Bstd:58.0,StrandBias:10.0,Multiplicity:5.50
0.700	0.100	0.100	0.100
0.100	0.100	0.100	0.700
0.700	0.100	0.100	0.100
0.100	0.700	0.100	0.100
0.700	0.100	0.100	0.100
0.100	0.700	0.100	0.100
0.100	0.100	0.700	0.100
0.100	0.100	0.100	0.700
0.100	0.100	0.100	0.700
0.100	0.700	0.100	0.100
