>GGGAAGAG	1-GGGAAGAG	5.710186	-144.092013	0	T:5268.0(58.97%),B:20355.3(50.13%),P:1e-62	Tpos:249.9,Tstd:134.7,Bpos:250.5,Bstd:158.7,StrandBias:0.0,Multiplicity:1.61
0.097	0.052	0.732	0.119
0.094	0.012	0.820	0.074
0.089	0.001	0.886	0.024
0.898	0.052	0.001	0.049
0.997	0.001	0.001	0.001
0.001	0.001	0.967	0.031
0.953	0.001	0.001	0.045
0.056	0.026	0.878	0.040
>GAGAGGAA	2-GAGAGGAA	6.426486	-128.113261	0	T:4852.0(54.32%),B:18668.9(45.98%),P:1e-55	Tpos:251.4,Tstd:137.6,Bpos:248.5,Bstd:159.1,StrandBias:-0.0,Multiplicity:1.48
0.001	0.001	0.997	0.001
0.929	0.069	0.001	0.001
0.192	0.031	0.561	0.216
0.792	0.091	0.001	0.116
0.001	0.001	0.712	0.286
0.246	0.117	0.478	0.159
0.585	0.121	0.001	0.293
0.652	0.001	0.346	0.001
>CACTCCCT	3-CACTCCCT	5.962996	-102.994892	0	T:4130.0(46.23%),B:15790.1(38.89%),P:1e-44	Tpos:252.3,Tstd:136.9,Bpos:248.2,Bstd:156.9,StrandBias:-0.1,Multiplicity:1.30
0.066	0.766	0.001	0.167
0.861	0.050	0.001	0.088
0.001	0.938	0.001	0.060
0.044	0.031	0.120	0.805
0.095	0.502	0.060	0.343
0.001	0.847	0.087	0.065
0.050	0.492	0.223	0.236
0.082	0.126	0.050	0.742
>GGGAGCAA	4-GGGAGCAA	4.993994	-99.130633	0	T:5971.0(66.84%),B:24260.9(59.75%),P:1e-43	Tpos:249.3,Tstd:138.8,Bpos:249.1,Bstd:153.3,StrandBias:0.0,Multiplicity:1.34
0.087	0.051	0.798	0.064
0.158	0.096	0.668	0.078
0.078	0.108	0.745	0.069
0.733	0.079	0.119	0.069
0.120	0.044	0.795	0.041
0.121	0.718	0.074	0.087
0.774	0.057	0.080	0.089
0.774	0.059	0.093	0.074
>AAGGAGAG	5-AAGGAGAG	7.101354	-97.172297	0	T:3842.0(43.01%),B:14606.9(35.97%),P:1e-42	Tpos:254.5,Tstd:136.0,Bpos:248.2,Bstd:158.3,StrandBias:0.0,Multiplicity:1.28
0.536	0.113	0.282	0.069
0.673	0.031	0.001	0.295
0.001	0.001	0.997	0.001
0.001	0.001	0.997	0.001
0.654	0.001	0.093	0.252
0.001	0.001	0.997	0.001
0.997	0.001	0.001	0.001
0.001	0.151	0.688	0.160
>CTSCTCCT	6-CTSCTCCT	6.247754	-95.449320	0	T:3658.0(40.95%),B:13826.4(34.05%),P:1e-41	Tpos:245.1,Tstd:135.8,Bpos:250.2,Bstd:157.5,StrandBias:0.0,Multiplicity:1.28
0.015	0.817	0.097	0.071
0.059	0.118	0.077	0.746
0.011	0.420	0.323	0.246
0.083	0.848	0.026	0.043
0.048	0.127	0.031	0.794
0.063	0.569	0.318	0.050
0.254	0.547	0.014	0.185
0.214	0.067	0.251	0.468
>TCTCCCTT	7-TCTCCCTT	6.797890	-80.344322	0	T:3931.0(44.01%),B:15261.0(37.58%),P:1e-34	Tpos:251.0,Tstd:138.7,Bpos:247.9,Bstd:157.2,StrandBias:0.1,Multiplicity:1.18
0.001	0.035	0.032	0.932
0.044	0.876	0.001	0.079
0.030	0.031	0.061	0.878
0.030	0.737	0.136	0.097
0.042	0.903	0.001	0.054
0.084	0.914	0.001	0.001
0.001	0.057	0.039	0.903
0.024	0.122	0.001	0.853
>GGTAGAAG	8-GGTAGAAG	5.563344	-78.418514	0	T:6137.0(68.70%),B:25379.8(62.50%),P:1e-34	Tpos:248.8,Tstd:141.0,Bpos:251.1,Bstd:153.2,StrandBias:0.0,Multiplicity:1.36
0.331	0.122	0.546	0.001
0.001	0.001	0.908	0.090
0.001	0.193	0.239	0.567
0.763	0.001	0.166	0.070
0.172	0.001	0.505	0.322
0.769	0.001	0.001	0.229
0.714	0.001	0.001	0.284
0.001	0.001	0.879	0.119
>GAAVGGCA	9-GAAVGGCA	5.881970	-70.188775	0	T:4614.0(51.65%),B:18492.0(45.54%),P:1e-30	Tpos:248.7,Tstd:139.9,Bpos:248.5,Bstd:155.2,StrandBias:0.0,Multiplicity:1.29
0.023	0.095	0.881	0.001
0.938	0.001	0.040	0.021
0.708	0.001	0.165	0.126
0.268	0.405	0.326	0.001
0.277	0.055	0.667	0.001
0.112	0.130	0.757	0.001
0.001	0.906	0.001	0.092
0.788	0.087	0.091	0.034
>CGCTCATC	10-CGCTCATC	4.478978	-64.970176	0	T:3060.0(34.26%),B:11710.4(28.84%),P:1e-28	Tpos:251.9,Tstd:137.2,Bpos:250.7,Bstd:156.0,StrandBias:-0.0,Multiplicity:1.17
0.125	0.756	0.008	0.111
0.181	0.144	0.560	0.115
0.117	0.637	0.085	0.161
0.239	0.085	0.126	0.550
0.153	0.590	0.141	0.116
0.451	0.141	0.187	0.220
0.165	0.154	0.162	0.519
0.153	0.639	0.066	0.142
>GGAGGAAA	11-GGAGGAAA	6.512628	-53.049712	0	T:4012.0(44.91%),B:16123.5(39.71%),P:1e-23	Tpos:247.9,Tstd:139.2,Bpos:250.2,Bstd:156.6,StrandBias:-0.0,Multiplicity:1.30
0.049	0.023	0.927	0.001
0.038	0.001	0.911	0.050
0.909	0.015	0.038	0.038
0.095	0.014	0.890	0.001
0.086	0.022	0.891	0.001
0.911	0.049	0.001	0.039
0.786	0.178	0.001	0.035
0.955	0.001	0.001	0.043
>YTACCATC	12-YTACCATC	6.059873	-52.817676	0	T:4353.0(48.73%),B:17656.9(43.48%),P:1e-22	Tpos:251.6,Tstd:135.8,Bpos:250.7,Bstd:154.9,StrandBias:0.0,Multiplicity:1.38
0.001	0.526	0.001	0.472
0.142	0.257	0.063	0.538
0.707	0.001	0.219	0.073
0.001	0.887	0.001	0.111
0.001	0.997	0.001	0.001
0.554	0.001	0.055	0.390
0.001	0.069	0.140	0.790
0.001	0.997	0.001	0.001
>GAATRKGT	13-GAATRKGT	6.119455	-45.982766	0	T:4246.0(47.53%),B:17324.2(42.66%),P:1e-19	Tpos:251.5,Tstd:139.9,Bpos:251.1,Bstd:158.2,StrandBias:-0.0,Multiplicity:1.33
0.001	0.001	0.997	0.001
0.647	0.301	0.051	0.001
0.812	0.001	0.001	0.186
0.001	0.002	0.112	0.885
0.434	0.001	0.520	0.045
0.209	0.001	0.375	0.416
0.042	0.001	0.956	0.001
0.146	0.001	0.093	0.760
>CCGCCAAT	14-CCGCCAAT	5.232382	-44.297118	0	T:2669.0(29.88%),B:10400.0(25.61%),P:1e-19	Tpos:249.8,Tstd:142.3,Bpos:250.0,Bstd:150.8,StrandBias:0.0,Multiplicity:1.15
0.090	0.723	0.101	0.086
0.101	0.773	0.079	0.047
0.076	0.084	0.655	0.185
0.080	0.763	0.029	0.128
0.079	0.773	0.066	0.082
0.783	0.079	0.094	0.044
0.714	0.073	0.067	0.146
0.073	0.067	0.040	0.820
>ACGGACAG	15-ACGGACAG	5.078546	-41.163522	0	T:5087.0(56.95%),B:21253.0(52.34%),P:1e-17	Tpos:250.7,Tstd:136.2,Bpos:249.4,Bstd:156.1,StrandBias:0.0,Multiplicity:1.43
0.770	0.133	0.096	0.001
0.093	0.757	0.001	0.149
0.136	0.086	0.686	0.092
0.115	0.144	0.731	0.010
0.802	0.078	0.001	0.119
0.072	0.633	0.137	0.158
0.733	0.120	0.146	0.001
0.030	0.018	0.917	0.035
>CCATVCAC	16-CCATVCAC	6.760069	-39.176381	0	T:1365.0(15.28%),B:4968.0(12.23%),P:1e-17	Tpos:247.6,Tstd:131.8,Bpos:250.7,Bstd:170.1,StrandBias:-0.0,Multiplicity:1.76
0.305	0.643	0.001	0.051
0.001	0.673	0.029	0.297
0.631	0.185	0.132	0.052
0.001	0.193	0.001	0.805
0.274	0.383	0.331	0.012
0.024	0.735	0.066	0.175
0.849	0.001	0.149	0.001
0.026	0.657	0.039	0.278
>CGACGTCG	17-CGACGTCG	5.018440	-31.910835	0	T:401.0(4.49%),B:1223.1(3.01%),P:1e-13	Tpos:245.1,Tstd:128.6,Bpos:259.4,Bstd:146.5,StrandBias:-0.0,Multiplicity:1.12
0.157	0.771	0.026	0.046
0.096	0.077	0.782	0.045
0.553	0.111	0.096	0.240
0.013	0.947	0.013	0.027
0.023	0.035	0.841	0.101
0.170	0.096	0.139	0.595
0.093	0.819	0.001	0.087
0.108	0.066	0.706	0.120
>SCGCGGCG	18-SCGCGGCG	5.342645	-27.636411	0	T:1060.0(11.87%),B:3897.3(9.60%),P:1e-12	Tpos:256.2,Tstd:148.2,Bpos:249.4,Bstd:142.5,StrandBias:0.0,Multiplicity:1.44
0.275	0.426	0.298	0.001
0.001	0.942	0.056	0.001
0.115	0.003	0.881	0.001
0.001	0.997	0.001	0.001
0.163	0.001	0.679	0.157
0.304	0.107	0.588	0.001
0.249	0.604	0.146	0.001
0.001	0.001	0.997	0.001
>CAAGTGCA	19-CAAGTGCA	9.027789	-23.014733	0	T:450.0(5.04%),B:1501.1(3.70%),P:1e-9	Tpos:247.8,Tstd:139.1,Bpos:252.5,Bstd:153.9,StrandBias:-0.2,Multiplicity:1.02
0.001	0.997	0.001	0.001
0.997	0.001	0.001	0.001
0.809	0.189	0.001	0.001
0.001	0.001	0.997	0.001
0.001	0.001	0.001	0.997
0.001	0.001	0.997	0.001
0.001	0.838	0.001	0.160
0.997	0.001	0.001	0.001
>CGCGAGCG	20-CGCGAGCG	5.414968	-22.760273	0	T:390.0(4.37%),B:1271.4(3.13%),P:1e-9	Tpos:253.8,Tstd:136.2,Bpos:258.1,Bstd:143.2,StrandBias:0.2,Multiplicity:1.23
0.113	0.742	0.072	0.073
0.071	0.024	0.847	0.058
0.081	0.679	0.102	0.138
0.066	0.068	0.834	0.032
0.676	0.067	0.116	0.141
0.095	0.127	0.767	0.011
0.130	0.735	0.072	0.063
0.122	0.040	0.725	0.113
>AGATAGAT	21-AGATAGAT	6.108183	-16.576278	0	T:976.0(10.93%),B:3760.4(9.26%),P:1e-7	Tpos:253.3,Tstd:146.1,Bpos:252.1,Bstd:152.5,StrandBias:0.2,Multiplicity:1.20
0.653	0.029	0.099	0.219
0.001	0.001	0.997	0.001
0.918	0.001	0.001	0.080
0.001	0.001	0.001	0.997
0.959	0.039	0.001	0.001
0.001	0.001	0.997	0.001
0.914	0.001	0.084	0.001
0.001	0.001	0.001	0.997
>TCCATTCC	22-TCCATTCC	4.003421	-15.834354	0	T:2115.0(23.68%),B:8695.0(21.41%),P:1e-6	Tpos:248.4,Tstd:137.8,Bpos:248.0,Bstd:159.9,StrandBias:0.1,Multiplicity:1.58
0.001	0.001	0.001	0.997
0.001	0.997	0.001	0.001
0.001	0.945	0.053	0.001
0.962	0.001	0.036	0.001
0.001	0.001	0.001	0.997
0.001	0.001	0.001	0.997
0.001	0.997	0.001	0.001
0.001	0.898	0.100	0.001
>YGATGATG	23-YGATGATG	7.955545	-13.644525	0	T:737.0(8.25%),B:2819.9(6.94%),P:1e-5	Tpos:265.6,Tstd:129.3,Bpos:248.6,Bstd:174.1,StrandBias:-0.2,Multiplicity:2.02
0.001	0.555	0.001	0.443
0.001	0.001	0.997	0.001
0.782	0.001	0.216	0.001
0.001	0.244	0.001	0.754
0.001	0.001	0.997	0.001
0.681	0.001	0.317	0.001
0.001	0.197	0.001	0.801
0.001	0.001	0.997	0.001
>ACACACAC	24-ACACACAC	6.291044	-7.071271	0	T:3465.0(38.79%),B:15095.4(37.17%),P:1e-3	Tpos:248.4,Tstd:133.7,Bpos:247.6,Bstd:174.6,StrandBias:-0.0,Multiplicity:1.88
0.700	0.100	0.100	0.100
0.100	0.700	0.100	0.100
0.700	0.100	0.100	0.100
0.100	0.700	0.100	0.100
0.700	0.100	0.100	0.100
0.100	0.700	0.100	0.100
0.700	0.100	0.100	0.100
0.100	0.700	0.100	0.100
>TACGTGCG	25-TACGTGCG	8.236954	-2.144973	0	T:6.0(0.07%),B:15.2(0.04%),P:1e0	Tpos:235.6,Tstd:87.5,Bpos:301.6,Bstd:109.3,StrandBias:10.0,Multiplicity:4.67
0.100	0.100	0.100	0.700
0.700	0.100	0.100	0.100
0.100	0.700	0.100	0.100
0.100	0.100	0.700	0.100
0.100	0.100	0.100	0.700
0.100	0.100	0.700	0.100
0.100	0.700	0.100	0.100
0.100	0.100	0.700	0.100
